297
-0.320698103 -0.220081103 0.663308897
0 -0.199383 0.597161227
0.320453768 -0.219836768 0.663553232
-0.3 0.100617 0.596376637
0 0.100617 0.684007
0.3 0.100617 0.596460234
-0.0073611835 0.407978183 0.676645817
-0.332220843 -0.531603843 0.951786157
0 -0.499383 0.984007
0.331963113 -0.531346113 0.952043887
-0.3 -0.199383 0.984007
0 -0.199383 0.984007
0.3 -0.199383 0.984007
-0.6 0.100617 0.984007
-0.3 0.100617 0.984007
0 0.100617 0.984007
0.3 0.100617 0.984007
0.6 0.100617 0.984007
-0.3 0.400617 0.984007
0 0.400617 0.984007
0.3 0.400617 0.984007
-0.3 -0.499383 1.284007
0 -0.499383 1.284007
0.3 -0.499383 1.284007
-0.3 -0.199383 1.284007
0 -0.199383 1.284007
0.3 -0.199383 1.284007
-0.3 0.100617 1.284007
0 0.100617 1.284007
0.3 0.100617 1.284007
-0.332488174 0.433105174 1.31649517
0 0.400617 1.284007
0.332495446 0.433112446 1.31650245
0 -0.829219234 1.584007
-0.373458505 -0.499383 1.584007
0 -0.499383 1.584007
0.37346656 -0.499383 1.584007
-0.335145543 -0.164237457 1.61915254
0 -0.199383 1.584007
0.335220016 -0.164162984 1.61922702
-0.300435706 0.101052706 1.58444271
-0.0580669336 0.158683934 1.64207393
0.301106947 0.101723947 1.58511395
0 -0.799383 1.884007
-0.317801936 -0.499383 1.884007
0 -0.499383 1.884007
0.317925355 -0.499383 1.884007
0.0185824323 -0.180800568 1.90258943
-0.309394931 -0.808777931 2.17461207
0 -0.799383 2.184007
0.309450471 -0.808833471 2.17455653
-0.307684592 -0.491698408 2.19169159
0 -0.499383 2.184007
0.307663245 -0.491719755 2.19167024
0 -0.799383 2.484007
-0.452883745 -0.352266745 0.831123255
-0.15 -0.349383 0.834007
0.15 -0.349383 0.834007
0.452826364 -0.352209364 0.831180636
-0.75 -0.049383 0.895105195
-0.45 -0.049383 0.834007
-0.15 -0.049383 0.834007
0.15 -0.049383 0.834007
0.45 -0.049383 0.834007
0.75 -0.049383 0.89511841
-0.50574239 0.30635939 0.77826461
-0.15 0.250617 0.834007
0.15 0.250617 0.834007
0.505499272 0.306116272 0.778507728
-0.167815048 -0.667198048 1.11619195
0.167584196 -0.666967196 1.1164228
-0.528498218 -0.349383 1.134007
-0.15 -0.349383 1.134007
0.15 -0.349383 1.134007
0.527843238 -0.349383 1.134007
-0.45 -0.049383 1.134007
-0.15 -0.049383 1.134007
0.15 -0.049383 1.134007
0.45 -0.049383 1.134007
-0.45 0.250617 1.134007
-0.15 0.250617 1.134007
0.15 0.250617 1.134007
0.45 0.250617 1.134007
-0.15 0.561597128 1.134007
0.15 0.561701618 1.134007
-0.15 -0.649383 1.434007
0.15 -0.649383 1.434007
-0.450543805 -0.349383 1.434007
-0.15 -0.349383 1.434007
0.15 -0.349383 1.434007
0.450369841 -0.349383 1.434007
-0.458004294 -0.0573872944 1.44201129
-0.15 -0.049383 1.434007
0.15 -0.049383 1.434007
0.458026522 -0.0574095224 1.44203352
-0.15 0.250617 1.434007
0.15 0.250617 1.434007
-0.15 -0.649383 1.734007
0.15 -0.649383 1.734007
-0.15 -0.349383 1.734007
0.15 -0.349383 1.734007
-0.15 -0.649383 2.034007
0.15 -0.649383 2.034007
-0.156961801 -0.342421199 2.0409688
0.157142453 -0.342240547 2.04114945
-0.15 -0.649383 2.334007
0.15 -0.649383 2.334007
0 0.100617 0.549894748
-0.216292399 -0.415675399 0.767714601
0 -0.499383 0.815327179
0.0717000689 -0.427682931 0.755707069
-0.0715443089 -0.427838691 0.755551309
0.216187873 -0.415570873 0.767819127
-0.525423086 -0.124806086 0.758583914
0.525410252 -0.124793252 0.758596748
-0.6 0.100617 0.76044841
-0.551852934 0.0524699342 0.732154066
0.6 0.100617 0.760318443
0.551892208 0.0525092075 0.732114792
-0.3 0.400617 0.73125771
-0.280457005 0.381074005 0.703549995
0.3 0.400617 0.73108371
0.280519262 0.381136262 0.703487738
0 -0.622789161 0.984007
-0.574372495 -0.199383 0.984007
-0.6 -0.120624414 0.984007
-0.581396741 -0.180779741 1.00261026
-0.578813674 -0.178196674 0.962820674
0.574358287 -0.199383 0.984007
0.6 -0.120598379 0.984007
0.578804043 -0.178187043 0.962811043
0.58138761 -0.18077061 1.00261939
-0.77650239 0.100617 0.984007
0.77650239 0.100617 0.984007
-0.545672947 0.400617 0.984007
-0.6 0.351615714 0.984007
-0.576256928 0.376873928 1.00775007
0.546010995 0.400617 0.984007
0.6 0.351854855 0.984007
0.576378815 0.376995815 1.00762818
-0.3 0.536844403 0.984007
0 0.57209026 0.984007
0.3 0.536729079 0.984007
-0.3 -0.656039308 1.284007
-0.229150408 -0.728533408 1.35485659
0 -0.763508122 1.284007
0.0313617321 -0.768021268 1.31536873
-0.0313731181 -0.768009882 1.31538012
0.3 -0.655765232 1.284007
0.228881962 -0.728264962 1.35512504
-0.439318512 -0.499383 1.284007
0.439092483 -0.499383 1.284007
-0.519970958 -0.199383 1.284007
-0.548127217 -0.147510217 1.23213422
0.520428934 -0.199383 1.284007
0.547899923 -0.147282923 1.23190692
-0.581917438 0.100617 1.284007
-0.6 0.100617 1.25726888
-0.589939699 0.110677301 1.2739467
-0.58841139 0.08902839 1.27241839
0.581474697 0.100617 1.284007
0.6 0.100617 1.25651251
0.588126176 0.0887431764 1.27213318
0.589694914 0.110922086 1.27370191
-0.540013451 0.340630451 1.22402045
0.540314621 0.340931621 1.22432162
0 0.531542288 1.284007
-0.248649309 -0.748032309 1.63535769
-0.244856217 -0.744239217 1.52886322
0.244881341 -0.744264341 1.52888834
0.249036215 -0.748419215 1.63497078
-0.219754095 0.320371095 1.5037611
0 0.400617 1.48275128
-0.0581584408 0.342458559 1.52584856
0.0580320895 0.342584911 1.52597491
0.219998976 0.320615976 1.50400598
0 -0.90080753 1.884007
-0.233585362 -0.799383 1.884007
-0.267879089 -0.767262089 1.91612791
-0.257937056 -0.757320056 1.84194406
0.233601923 -0.799383 1.884007
0.257982293 -0.757365293 1.84198929
0.267932257 -0.767315257 1.91607474
-0.230705578 -0.268677422 1.81471258
0.23076128 -0.26862172 1.81476828
0 -0.941336594 2.184007
0 -0.387417593 2.184007
0 -0.965768814 2.484007
-0.283189814 -0.799383 2.484007
-0.291276862 -0.790659862 2.47528386
0.281923899 -0.799383 2.484007
0.290494225 -0.789877225 2.47450122
-0.255747157 -0.543635843 2.43975416
0 -0.507566342 2.484007
0 -0.499383 2.46931784
-0.00554693415 -0.504929934 2.47846007
0.00551427956 -0.50489728 2.47849272
0.255613303 -0.543769697 2.4396203
0 -0.799383 2.6121094
-0.15 -0.349383 0.700486645
0.15 -0.349383 0.70074134
-0.45 -0.049383 0.665883322
-0.15 -0.049383 0.561454155
-0.124553172 -0.0239361718 0.559453828
0.15 -0.049383 0.561394925
0.124588803 -0.0239718028 0.559418197
0.45 -0.049383 0.665916296
-0.15 0.250617 0.613948841
-0.0968058469 0.197422847 0.587201153
0.15 0.250617 0.613953627
0.0967481253 0.197365125 0.587258875
-0.15 -0.501518855 0.834007
-0.0737628046 -0.573145805 0.910244195
0.15 -0.501082743 0.834007
0.0736783056 -0.573061306 0.910328694
-0.697741748 0.198358748 0.886265252
0.697740966 0.198357966 0.886266034
-0.38683953 0.48745653 0.89716747
-0.15 0.519496405 0.834007
-0.131562414 0.532179414 0.852444586
-0.172148624 0.528468376 0.856155624
0.15 0.519881193 0.834007
0.171838085 0.528778915 0.855845085
0.131814824 0.532431824 0.852192176
0.386952287 0.487569287 0.897054713
-0.375439186 -0.574822186 1.20856781
0.375168014 -0.574551014 1.20883899
-0.608000569 -0.049383 1.134007
-0.689569557 0.0110474434 1.07357656
0.607697104 -0.049383 1.134007
0.689562308 0.0110546916 1.07356931
-0.653026332 0.250617 1.134007
-0.700042314 0.200659314 1.08404931
0.653173879 0.250617 1.134007
0.700080574 0.200697574 1.08408757
-0.45 0.456257189 1.134007
-0.399997599 0.500614599 1.0840046
0.45 0.455966953 1.134007
0.399545186 0.500162186 1.08355219
-0.15 -0.776106095 1.434007
0.15 -0.776182619 1.434007
-0.345299602 -0.649383 1.434007
-0.389631088 -0.589014088 1.37363809
0.345437101 -0.649383 1.434007
0.389579535 -0.588962535 1.37358654
-0.415760889 0.250617 1.434007
-0.45 0.250617 1.4062953
-0.437887269 0.238504269 1.42189427
0.415917586 0.250617 1.434007
0.45 0.250617 1.4065339
0.438016588 0.238633588 1.42202359
-0.15 0.423262008 1.434007
-0.0819599508 0.482576951 1.36596695
0.15 0.422939511 1.434007
0.0817157982 0.482332798 1.3657228
-0.15 -0.830917778 1.734007
-0.07808284 -0.87746584 1.80592416
0.15 -0.831069119 1.734007
0.0780897275 -0.877472727 1.80591727
-0.308588143 -0.649383 1.734007
0.308649536 -0.649383 1.734007
-0.303733907 -0.349383 1.734007
0.303726385 -0.349383 1.734007
-0.15 -0.054364852 1.734007
-0.15 -0.049383 1.73136241
-0.148803183 -0.0505798172 1.73281018
0.15 -0.0539305211 1.734007
0.15 -0.049383 1.73155293
0.1488963 -0.0504867001 1.7329033
-0.15 0.250617 1.57745731
0.15 0.250617 1.57730814
-0.15 -0.895183658 2.034007
-0.116054247 -0.915437247 2.06795275
-0.107040232 -0.906423232 1.99104723
0.15 -0.895179787 2.034007
0.107037809 -0.906420809 1.99104481
0.116040417 -0.915423417 2.06796658
-0.346434342 -0.649383 2.034007
0.346467354 -0.649383 2.034007
-0.15 -0.927389102 2.334007
-0.133079169 -0.932462169 2.35092783
-0.131497314 -0.930880314 2.31550431
0.15 -0.927285538 2.334007
0.131373406 -0.930756406 2.31538041
0.13294394 -0.93232694 2.35106306
-0.369875592 -0.649383 2.334007
0.369660395 -0.649383 2.334007
-0.15 -0.471174167 2.334007
-0.0692863865 -0.430096613 2.25329339
0.15 -0.471120854 2.334007
0.0693035432 -0.430079457 2.25331054
-0.115855034 -0.915238034 2.59986203
0.112502461 -0.911885461 2.59650946
-0.15 -0.649383 2.58467129
-0.106913925 -0.692469075 2.59092093
0.15 -0.649383 2.58405371
0.106435675 -0.692947325 2.59044267
906
0 112 109 57 200
0 112 109 212 57
0 113 111 58 201
0 113 111 214 58
0 1 114 61 202
0 1 114 56 61
0 1 109 57 56
0 1 109 200 57
0 2 1 62 203
0 2 1 57 62
0 2 1 200 57
0 2 112 57 200
0 2 58 57 111
0 2 57 112 111
0 2 111 201 58
0 3 2 63 205
0 3 2 58 63
0 3 2 201 58
0 3 113 58 201
0 3 113 59 58
0 115 3 64 207
0 115 3 59 64
0 117 114 61 60
0 117 114 202 61
0 4 117 61 66
0 4 117 202 61
0 4 1 61 202
0 4 1 62 61
0 4 1 203 62
0 5 4 209 204
0 4 5 208 67
0 4 5 209 208
0 5 4 62 67
0 4 5 62 203
0 4 5 203 204
0 2 5 203 62
0 2 5 204 203
0 5 2 63 62
0 2 5 63 205
0 2 5 205 206
0 5 2 204 206
0 5 108 206 204
0 5 108 211 206
0 5 108 209 211
0 5 108 204 209
0 6 5 211 206
0 6 5 68 210
0 6 5 210 211
0 6 5 63 68
0 6 5 205 63
0 6 5 206 205
0 6 3 63 205
0 6 3 64 63
0 6 3 207 64
0 119 6 64 69
0 119 6 207 64
0 119 115 64 207
0 119 115 65 64
0 121 4 67 66
0 121 4 208 67
0 7 121 67 219
0 7 121 208 67
0 7 5 67 208
0 7 5 208 209
0 7 5 68 67
0 7 5 210 68
0 7 5 211 210
0 7 5 209 211
0 123 7 68 222
0 123 7 210 68
0 123 6 68 210
0 123 6 69 68
0 8 109 57 212
0 8 109 56 57
0 8 9 212 57
0 8 9 213 212
0 9 8 73 57
0 9 8 70 73
0 9 8 213 70
0 9 124 70 213
0 9 124 71 70
0 9 124 215 71
0 9 124 213 215
0 9 110 215 213
0 9 58 214 110
0 58 110 111 214
0 9 110 214 215
0 57 110 112 111
0 110 9 58 57
0 58 111 110 57
0 9 57 110 212
0 57 110 212 112
0 9 110 213 212
0 10 9 58 214
0 10 9 214 215
0 10 9 74 58
0 10 9 71 74
0 10 9 215 71
0 10 113 58 59
0 10 113 214 58
0 128 114 61 56
0 128 114 60 61
0 56 11 61 125
0 56 61 128 125
0 61 125 127 128
0 125 11 61 76
0 76 127 61 125
0 72 11 125 76
0 72 76 125 127
0 11 125 56 72
0 11 8 72 56
0 11 8 73 72
0 11 8 57 73
0 11 8 56 57
0 11 1 57 56
0 11 1 62 57
0 11 1 61 62
0 11 1 56 61
0 12 11 62 57
0 12 11 77 62
0 12 11 73 77
0 12 11 57 73
0 12 9 73 57
0 12 9 74 73
0 12 9 58 74
0 12 9 57 58
0 12 2 58 57
0 12 2 63 58
0 12 2 62 63
0 12 2 57 62
0 13 12 63 58
0 13 12 78 63
0 13 12 74 78
0 13 12 58 74
0 13 10 74 58
0 13 10 75 74
0 13 10 59 75
0 13 10 58 59
0 13 3 59 58
0 13 3 64 59
0 13 3 63 64
0 13 3 58 63
0 59 13 129 64
0 59 64 129 131
0 79 129 131 132
0 129 13 79 64
0 64 131 79 129
0 75 13 79 129
0 75 79 132 129
0 129 13 59 75
0 131 115 64 65
0 131 115 59 64
0 14 133 216 60
0 14 133 233 216
0 14 133 229 233
0 14 133 60 229
0 14 126 229 60
0 14 76 228 126
0 76 126 127 228
0 14 126 228 229
0 61 126 128 127
0 126 14 76 61
0 76 127 126 61
0 60 14 126 61
0 60 61 126 128
0 60 14 61 116
0 60 61 117 116
0 66 14 116 61
0 66 61 116 117
0 14 116 216 66
0 14 116 60 216
0 15 14 66 61
0 15 14 80 66
0 15 14 76 80
0 15 14 61 76
0 15 11 76 61
0 15 11 77 76
0 15 11 62 77
0 15 11 61 62
0 15 4 62 61
0 15 4 67 62
0 15 4 66 67
0 15 4 61 66
0 16 15 67 62
0 16 15 81 67
0 16 15 77 81
0 16 15 62 77
0 16 12 77 62
0 16 12 78 77
0 16 12 63 78
0 16 12 62 63
0 16 5 63 62
0 16 5 68 63
0 16 5 67 68
0 16 5 62 67
0 17 16 68 63
0 17 16 82 68
0 17 16 78 82
0 17 16 63 78
0 17 13 78 63
0 17 13 79 78
0 17 13 64 79
0 17 13 63 64
0 17 6 64 63
0 17 6 69 64
0 17 6 68 69
0 17 6 63 68
0 18 17 69 64
0 18 17 83 69
0 18 17 79 83
0 18 17 64 79
0 79 130 132 131
0 130 18 64 79
0 64 131 130 79
0 18 79 130 230
0 79 130 230 132
0 18 130 231 230
0 18 130 65 231
0 65 18 64 130
0 65 64 131 130
0 65 18 118 64
0 65 64 118 119
0 18 118 217 65
0 18 118 69 217
0 69 18 64 118
0 69 64 119 118
0 134 18 217 65
0 134 18 235 217
0 134 18 231 235
0 134 18 65 231
0 136 14 233 216
0 14 80 136 232
0 80 136 232 137
0 14 136 233 232
0 66 14 80 136
0 66 80 137 136
0 136 14 216 66
0 19 135 218 66
0 19 135 237 218
0 19 80 236 135
0 80 135 137 236
0 19 135 236 237
0 66 19 135 80
0 66 80 135 137
0 19 15 80 66
0 19 15 81 80
0 19 15 67 81
0 19 15 66 67
0 66 19 67 120
0 66 67 121 120
0 19 67 120 219
0 67 120 219 121
0 19 120 221 219
0 19 120 218 221
0 19 120 66 218
0 19 220 219 221
0 219 20 19 67
0 20 220 219 19
0 84 20 19 220
0 84 19 221 220
0 20 19 81 84
0 20 19 67 81
0 20 16 81 67
0 20 16 82 81
0 20 16 68 82
0 20 16 67 68
0 20 7 68 67
0 7 20 68 222
0 7 20 222 224
0 20 7 220 224
0 7 20 219 67
0 7 20 220 219
0 20 223 222 224
0 222 21 20 68
0 21 223 222 20
0 85 21 20 223
0 85 20 224 223
0 21 20 82 85
0 21 20 68 82
0 21 17 82 68
0 21 17 83 82
0 21 17 69 83
0 21 17 68 69
0 69 21 122 68
0 69 68 122 123
0 21 122 225 69
0 21 122 223 225
0 21 68 222 122
0 68 122 123 222
0 21 122 222 223
0 138 21 225 69
0 138 21 239 225
0 21 83 138 238
0 83 138 238 140
0 21 138 239 238
0 69 21 83 138
0 69 83 140 138
0 69 18 139 83
0 69 83 139 140
0 18 83 234 139
0 83 139 140 234
0 18 139 234 235
0 139 18 217 235
0 139 18 69 217
0 141 19 237 218
0 141 19 84 237
0 141 19 221 84
0 141 19 218 221
0 142 20 84 220
0 142 20 85 84
0 142 20 224 85
0 142 20 220 224
0 143 21 85 223
0 143 21 239 85
0 143 21 225 239
0 143 21 223 225
0 148 145 86 70
0 148 145 240 86
0 150 147 87 71
0 150 147 241 87
0 22 151 72 226
0 22 151 88 72
0 22 151 243 88
0 22 151 226 243
0 22 144 243 226
0 22 86 242 144
0 86 144 145 242
0 22 144 242 243
0 70 22 144 86
0 70 86 144 145
0 22 144 226 70
0 22 8 70 226
0 22 8 73 70
0 22 8 72 73
0 22 8 226 72
0 23 22 73 70
0 23 22 89 73
0 23 22 86 89
0 23 22 70 86
0 70 23 86 146
0 70 86 148 146
0 86 146 147 148
0 146 23 86 87
0 87 147 86 146
0 71 23 146 87
0 71 87 146 147
0 23 146 70 71
0 23 9 71 70
0 23 9 74 71
0 23 9 73 74
0 23 9 70 73
0 24 23 74 71
0 24 23 90 74
0 24 23 87 90
0 24 23 71 87
0 71 24 87 149
0 71 87 150 149
0 24 87 149 244
0 87 149 244 150
0 24 149 245 244
0 24 149 227 245
0 24 149 71 227
0 24 10 227 71
0 24 10 75 227
0 24 10 74 75
0 24 10 71 74
0 152 24 75 227
0 152 24 91 75
0 152 24 245 91
0 152 24 227 245
0 154 127 76 72
0 154 127 228 76
0 72 25 76 153
0 72 76 154 153
0 92 25 153 76
0 92 76 153 154
0 25 153 88 92
0 25 153 72 88
0 25 22 88 72
0 25 22 89 88
0 25 22 73 89
0 25 22 72 73
0 25 11 73 72
0 25 11 77 73
0 25 11 76 77
0 25 11 72 76
0 26 25 77 73
0 26 25 93 77
0 26 25 89 93
0 26 25 73 89
0 26 23 89 73
0 26 23 90 89
0 26 23 74 90
0 26 23 73 74
0 26 12 74 73
0 26 12 78 74
0 26 12 77 78
0 26 12 73 77
0 27 26 78 74
0 27 26 94 78
0 27 26 90 94
0 27 26 74 90
0 27 24 90 74
0 27 24 91 90
0 27 24 75 91
0 27 24 74 75
0 27 13 75 74
0 27 13 79 75
0 27 13 78 79
0 27 13 74 78
0 75 27 155 79
0 75 79 155 156
0 95 27 79 155
0 95 79 156 155
0 155 27 91 95
0 155 27 75 91
0 156 132 79 230
0 156 132 75 79
0 160 154 76 92
0 160 154 228 76
0 14 76 158 228
0 76 158 228 160
0 14 158 229 228
0 80 158 160 159
0 158 14 80 76
0 76 160 80 158
0 14 80 232 158
0 80 158 159 232
0 14 158 232 233
0 158 14 229 233
0 80 157 159 160
0 157 28 76 80
0 76 160 157 80
0 28 80 157 247
0 80 157 247 159
0 28 157 248 247
0 28 157 92 248
0 92 28 76 157
0 92 76 160 157
0 28 25 92 76
0 28 25 93 92
0 28 25 77 93
0 28 25 76 77
0 28 15 77 76
0 28 15 81 77
0 28 15 80 81
0 28 15 76 80
0 29 28 81 77
0 29 28 96 81
0 29 28 93 96
0 29 28 77 93
0 29 26 93 77
0 29 26 94 93
0 29 26 78 94
0 29 26 77 78
0 29 16 78 77
0 29 16 82 78
0 29 16 81 82
0 29 16 77 81
0 30 29 82 78
0 30 29 97 82
0 30 29 94 97
0 30 29 78 94
0 30 27 94 78
0 30 27 95 94
0 30 27 79 95
0 30 27 78 79
0 30 17 79 78
0 30 17 83 79
0 30 17 82 83
0 30 17 78 82
0 79 161 163 164
0 161 30 83 79
0 83 164 161 79
0 30 83 250 161
0 83 161 164 250
0 30 161 250 251
0 161 30 95 251
0 95 30 161 79
0 95 79 161 163
0 163 156 95 79
0 163 156 79 230
0 18 79 230 162
0 79 162 163 230
0 18 162 230 231
0 162 18 235 231
0 18 83 162 234
0 83 162 234 164
0 18 162 235 234
0 79 162 164 163
0 162 18 79 83
0 83 164 79 162
0 165 159 80 247
0 165 159 232 80
0 165 137 80 232
0 165 137 236 80
0 31 165 236 80
0 31 165 80 247
0 31 28 247 80
0 31 28 248 247
0 31 28 96 246
0 31 28 246 248
0 31 28 81 96
0 31 28 80 81
0 31 19 81 80
0 31 19 84 81
0 31 19 237 84
0 31 19 80 236
0 31 19 236 237
0 32 31 84 81
0 32 31 253 84
0 31 32 252 96
0 31 32 253 252
0 32 31 81 96
0 32 29 96 81
0 32 29 97 96
0 32 29 82 97
0 32 29 81 82
0 32 20 82 81
0 32 20 85 82
0 32 20 84 85
0 32 20 81 84
0 33 32 85 82
0 33 32 255 85
0 33 32 97 254
0 33 32 254 255
0 33 32 82 97
0 33 30 97 82
0 33 30 249 97
0 33 30 251 249
0 33 30 83 250
0 33 30 250 251
0 33 30 82 83
0 33 21 83 82
0 33 21 238 83
0 33 21 239 238
0 33 21 85 239
0 33 21 82 85
0 166 33 238 83
0 166 33 83 250
0 166 164 250 83
0 166 164 83 234
0 166 140 234 83
0 166 140 83 238
0 167 32 253 84
0 167 32 255 253
0 167 32 85 255
0 167 32 84 85
0 169 145 86 240
0 169 145 242 86
0 34 169 86 240
0 34 98 86 168
0 34 86 169 168
0 34 168 256 98
0 34 147 87 241
0 34 86 87 147
0 34 86 147 148
0 34 148 240 86
0 170 34 87 241
0 34 99 170 87
0 34 99 171 170
0 171 34 258 99
0 170 150 87 244
0 170 150 241 87
0 35 168 98 260
0 35 86 98 168
0 35 86 168 169
0 35 169 242 86
0 35 22 86 242
0 35 22 242 243
0 35 22 89 86
0 35 22 88 89
0 35 22 243 88
0 36 35 89 86
0 36 35 100 89
0 36 35 98 100
0 36 35 86 98
0 36 34 98 86
0 36 34 99 98
0 36 34 87 99
0 36 34 86 87
0 36 23 87 86
0 36 23 90 87
0 36 23 89 90
0 36 23 86 89
0 37 36 90 87
0 37 36 101 90
0 37 36 99 101
0 37 36 87 99
0 37 99 87 170
0 37 99 170 171
0 37 171 261 99
0 37 170 87 244
0 37 24 244 87
0 37 24 245 244
0 37 24 91 245
0 37 24 90 91
0 37 24 87 90
0 38 35 100 262
0 38 35 89 100
0 38 35 88 89
0 38 25 89 88
0 38 25 93 89
0 38 25 92 93
0 38 25 88 92
0 39 38 93 89
0 38 39 93 265
0 38 39 265 266
0 38 39 264 100
0 38 39 266 264
0 39 38 89 100
0 39 36 100 89
0 39 36 101 100
0 39 36 90 101
0 39 36 89 90
0 39 26 90 89
0 39 26 94 90
0 39 26 93 94
0 39 26 89 93
0 40 39 94 90
0 40 39 268 94
0 40 39 269 268
0 40 39 101 267
0 40 39 267 269
0 40 39 90 101
0 40 37 101 90
0 40 37 263 101
0 40 37 90 91
0 40 27 91 90
0 40 27 95 91
0 40 27 94 95
0 40 27 90 94
0 41 38 93 265
0 41 38 92 93
0 41 28 93 92
0 41 28 96 93
0 41 28 246 96
0 41 28 248 246
0 41 28 92 248
0 42 41 96 93
0 42 41 270 96
0 42 41 93 265
0 42 39 265 93
0 42 39 266 265
0 42 39 269 266
0 42 39 94 268
0 42 39 268 269
0 42 39 93 94
0 42 29 94 93
0 42 29 97 94
0 42 29 96 97
0 42 29 93 96
0 43 42 97 94
0 43 42 271 97
0 43 42 94 268
0 43 40 268 94
0 43 40 94 95
0 43 30 95 94
0 43 30 251 95
0 43 30 97 249
0 43 30 249 251
0 43 30 94 97
0 172 41 96 270
0 172 41 246 96
0 172 31 96 246
0 172 31 252 96
0 174 172 252 96
0 174 172 96 270
0 174 42 270 96
0 175 42 97 271
0 42 96 175 97
0 42 96 174 175
0 96 173 174 175
0 173 32 97 96
0 97 175 173 96
0 32 97 254 173
0 97 173 175 254
0 32 173 254 255
0 173 32 253 255
0 32 96 173 252
0 96 173 252 174
0 32 173 253 252
0 176 175 254 97
0 176 175 97 271
0 176 43 271 97
0 176 43 97 249
0 176 33 249 97
0 176 33 97 254
0 180 168 98 256
0 180 168 260 98
0 44 98 256 178
0 98 178 180 256
0 44 178 256 257
0 98 178 179 180
0 178 44 98 102
0 102 179 98 178
0 44 102 178 272
0 102 178 272 179
0 44 178 274 272
0 44 178 257 274
0 44 177 274 257
0 44 177 276 274
0 44 177 259 276
0 44 177 257 259
0 44 34 259 257
0 34 44 258 99
0 34 44 259 258
0 44 34 98 99
0 34 44 98 256
0 34 44 256 257
0 44 99 181 258
0 99 181 258 182
0 44 181 259 258
0 103 181 182 183
0 181 44 103 99
0 99 182 103 181
0 44 103 275 181
0 103 181 183 275
0 44 181 275 276
0 181 44 259 276
0 182 171 99 261
0 182 171 258 99
0 45 179 102 278
0 45 98 102 179
0 45 98 179 180
0 45 180 260 98
0 45 35 98 260
0 45 35 100 98
0 45 35 262 100
0 46 45 100 98
0 46 45 104 100
0 46 45 102 104
0 46 45 98 102
0 46 44 102 98
0 46 44 103 102
0 46 44 99 103
0 46 44 98 99
0 46 36 99 98
0 46 36 101 99
0 46 36 100 101
0 46 36 98 100
0 47 46 101 99
0 47 46 105 101
0 47 46 103 105
0 47 46 99 103
0 47 103 99 182
0 47 103 182 183
0 47 183 279 103
0 47 182 99 261
0 47 37 261 99
0 47 37 101 263
0 47 37 99 101
0 184 45 100 104
0 184 45 262 100
0 184 38 100 262
0 184 38 264 100
0 48 184 264 100
0 48 184 100 104
0 48 46 104 100
0 48 46 105 104
0 48 46 101 105
0 48 46 100 101
0 48 39 101 100
0 48 39 267 101
0 48 39 269 267
0 48 39 266 269
0 48 39 100 264
0 48 39 264 266
0 185 48 267 101
0 185 48 101 105
0 185 47 105 101
0 185 47 101 263
0 185 40 263 101
0 185 40 101 267
0 49 179 102 272
0 49 179 278 102
0 49 50 272 102
0 49 50 273 272
0 50 49 106 102
0 49 50 106 280
0 49 50 280 282
0 50 49 273 282
0 50 186 282 273
0 50 186 284 282
0 50 186 277 284
0 50 186 273 277
0 50 44 277 274
0 44 277 274 276
0 50 277 273 274
0 44 277 276 275
0 275 50 103 44
0 50 277 44 275
0 50 44 102 103
0 50 273 272 274
0 272 50 44 102
0 44 274 50 272
0 51 50 103 275
0 51 50 275 277
0 51 50 107 103
0 51 50 283 107
0 51 50 284 283
0 51 50 277 284
0 51 183 103 279
0 51 183 275 103
0 52 49 106 286
0 52 49 102 106
0 52 49 278 102
0 52 45 102 278
0 52 45 104 102
0 53 52 104 102
0 53 52 289 104
0 52 53 288 106
0 52 53 289 288
0 53 52 102 106
0 53 50 106 102
0 53 50 107 106
0 53 50 103 107
0 53 50 102 103
0 53 46 103 102
0 53 46 105 103
0 53 46 104 105
0 53 46 102 104
0 54 53 105 103
0 54 53 291 105
0 54 53 107 290
0 54 53 290 291
0 54 53 103 107
0 54 51 107 103
0 54 51 287 107
0 54 51 103 279
0 54 47 279 103
0 54 47 103 105
0 187 53 289 104
0 187 53 291 289
0 187 53 105 291
0 187 53 104 105
0 190 49 106 280
0 190 49 286 106
0 55 106 280 189
0 106 189 190 280
0 55 189 280 281
0 55 106 189 294
0 106 189 294 190
0 55 189 295 294
0 55 189 292 295
0 55 189 281 292
0 55 188 292 281
0 55 188 293 292
0 55 188 285 293
0 55 188 281 285
0 55 50 285 282
0 50 285 282 284
0 55 285 281 282
0 50 285 284 283
0 283 55 107 50
0 55 285 50 283
0 55 50 106 107
0 55 281 280 282
0 280 55 50 106
0 50 282 55 280
0 55 107 191 283
0 107 191 283 192
0 55 191 285 283
0 55 107 296 191
0 107 191 192 296
0 55 191 296 297
0 191 55 293 297
0 191 55 285 293
0 192 51 107 287
0 192 51 283 107
0 193 190 106 294
0 193 190 286 106
0 193 52 106 286
0 193 52 288 106
0 196 193 288 106
0 196 193 106 294
0 55 106 294 194
0 106 194 196 294
0 55 194 294 295
0 194 55 297 295
0 55 107 194 296
0 107 194 296 197
0 55 194 297 296
0 106 194 197 196
0 194 55 106 107
0 107 197 106 194
0 106 195 196 197
0 195 53 107 106
0 107 197 195 106
0 53 107 290 195
0 107 195 197 290
0 53 195 290 291
0 195 53 289 291
0 53 106 195 288
0 106 195 288 196
0 53 195 289 288
0 198 197 290 107
0 198 197 107 296
0 198 192 296 107
0 198 192 107 287
0 198 54 287 107
0 198 54 107 290
0 199 55 293 292
0 199 55 297 293
0 199 55 295 297
0 199 55 292 295
0
