$NOD
437
1 -1.10796925 -0.688565752 0.0193027482
2 -0.978105558 -0.679630942 0.0282375584
3 -1.08857 -0.5691665 0.038702
4 -0.98857 -0.5691665 0.038702
5 -1.08857 -0.4691665 0.038702
6 -0.98857 -0.4691665 0.038702
7 -1.08857 -0.3691665 0.038702
8 -0.98857 -0.3691665 0.038702
9 -0.976235774 -0.256832274 0.0263677743
10 -1.19315006 -0.77374656 0.13412194
11 -1.08857 -0.7691665 0.138702
12 -0.98857 -0.7691665 0.138702
13 -1.18857 -0.6691665 0.138702
14 -1.08857 -0.6691665 0.138702
15 -0.98857 -0.6691665 0.138702
16 -1.19077648 -0.566960022 0.140908478
17 -1.08857 -0.5691665 0.138702
18 -0.98857 -0.5691665 0.138702
19 -1.08857 -0.4691665 0.138702
20 -0.973301241 -0.484435259 0.153970759
21 -1.08857 -0.3691665 0.138702
22 -0.98857 -0.3691665 0.138702
23 -1.08857 -0.2691665 0.138702
24 -0.98857 -0.2691665 0.138702
25 -0.888235318 -0.2691665 0.138702
26 -0.977840849 -0.158437349 0.127972849
27 -1.19511846 -0.875714955 0.232153545
28 -1.07522638 -0.855822879 0.252045621
29 -0.98857 -0.8691665 0.238702
30 -1.18758444 -0.768180939 0.239687561
31 -0.907730997 -0.750005503 0.257862997
32 -1.10643754 -0.2691665 0.238702
33 -0.98857 -0.2691665 0.238702
34 -0.880150036 -0.2691665 0.238702
35 -0.98857 -0.1691665 0.238702
36 -0.873652102 -0.154248602 0.223784102
37 -1.08857 -0.9691665 0.338702
38 -0.98857 -0.9691665 0.338702
39 -1.18781676 -0.868413261 0.339455239
40 -1.28875559 -0.7691665 0.338702
41 -0.995526213 -0.276122713 0.345658213
42 -0.98857 -0.1691665 0.338702
43 -0.88857 -0.1691665 0.338702
44 -0.98857 -0.0674242308 0.338702
45 -1.08857 -0.982677011 0.438702
46 -0.98857 -0.971805041 0.438702
47 -0.88857 -0.9691665 0.438702
48 -0.98857 -0.1691665 0.438702
49 -0.88857 -0.1691665 0.438702
50 -1.00071216 -0.0570243376 0.426559838
51 -0.88857 -0.0691665 0.438702
52 -0.870222292 -0.187514208 0.557049708
53 -0.995202003 -0.0691665 0.538702
54 -0.88857 -0.0691665 0.538702
55 -0.786972187 -0.0691665 0.538702
56 -0.88857 -0.0691665 0.638702
57 -0.770233396 -0.0875031043 0.620365396
58 -0.88857 0.0320362855 0.638702
59 -0.899292512 -0.0798890116 0.749424512
60 -0.78857 -0.0691665 0.738702
61 -0.889188637 0.0314521367 0.739320637
62 -0.78857 0.0308335 0.738702
63 -0.802891006 -0.0834875055 0.853023006
64 -0.78857 0.0308335 0.838702
65 -0.784220615 0.126484115 0.843051385
66 -1.03857 -0.6191665 -0.021875764
67 -1.03857 -0.5191665 -0.011298
68 -1.03857 -0.4191665 -0.011298
69 -1.03857 -0.3191665 -0.0121510374
70 -1.15682269 -0.737419193 0.0704493067
71 -1.03857 -0.7191665 0.088702
72 -0.936113854 -0.721622646 0.0862458544
73 -1.13857 -0.6191665 0.088702
74 -1.03857 -0.6191665 0.088702
75 -0.922885601 -0.6191665 0.088702
76 -1.13857 -0.5191665 0.088702
77 -1.03857 -0.5191665 0.088702
78 -1.15549277 -0.402243734 0.105624766
79 -1.03857 -0.4191665 0.088702
80 -0.928445801 -0.4191665 0.088702
81 -1.03857 -0.3191665 0.088702
82 -0.93857 -0.3191665 0.088702
83 -1.04663879 -0.211097706 0.0806332059
84 -0.936068633 -0.216665133 0.0862006325
85 -1.13857 -0.8191665 0.188702
86 -1.03857 -0.8191665 0.188702
87 -0.922145411 -0.835591089 0.172277411
88 -1.2416846 -0.7191665 0.188702
89 -1.13857 -0.7191665 0.201638767
90 -0.93857 -0.7191665 0.188702
91 -1.13857 -0.6191665 0.196692207
92 -1.02126211 -0.601858612 0.206009888
93 -1.03857 -0.4191665 0.199248095
94 -1.03857 -0.3191665 0.188702
95 -0.922966765 -0.334769735 0.204305235
96 -1.03857 -0.2191665 0.188702
97 -0.93857 -0.2191665 0.188702
98 -1.15623472 -0.936831218 0.271037282
99 -1.03857 -0.9191665 0.288702
100 -0.929168103 -0.928568397 0.279300103
101 -1.23857 -0.8191665 0.288702
102 -1.24162921 -0.72222571 0.28564279
103 -1.03857 -0.2191665 0.288702
104 -0.93857 -0.2191665 0.288702
105 -1.04458317 -0.113153329 0.282688829
106 -0.93857 -0.1191665 0.288702
107 -1.14161511 -1.02221161 0.385656893
108 -1.02994194 -1.02779456 0.380073942
109 -0.943738315 -0.913998185 0.393870315
110 -0.831279118 -0.926457382 0.381411118
111 -1.03871033 -0.219306834 0.388842334
112 -0.93857 -0.2191665 0.388702
113 -1.05105577 -0.1191665 0.388702
114 -0.93857 -0.1191665 0.388702
115 -0.828875254 -0.109471754 0.379007254
116 -1.0518293 -1.0324258 0.475442703
117 -0.93857 -0.1191665 0.488702
118 -0.83857 -0.1191665 0.488702
119 -0.93857 -0.0176105093 0.488702
120 -0.955002949 -0.135599449 0.605134949
121 -0.83857 -0.1191665 0.588702
122 -0.948266263 -0.00947023748 0.598398263
123 -0.821243681 -0.00184018078 0.571375681
124 -0.822855702 -0.134880798 0.704416298
125 -0.83857 -0.0191665 0.688702
126 -0.83857 -0.0191665 0.788702
127 -0.722513023 -0.0352234769 0.772645023
128 -0.838693932 0.0809574323 0.788578068
129 -0.724343998 0.0950595025 0.774475998
130 -0.830918194 -0.0115146942 0.896353806
131 -0.821200781 0.0808335 0.888702
132 -1.08857 -0.5691665 -0.0305625458
133 -1.06922907 -0.549825573 -0.0419570727
134 -0.98857 -0.5691665 -0.0201464876
135 -1.01218141 -0.545555095 -0.0376865945
136 -1.08857 -0.4691665 -0.0351305308
137 -1.06948899 -0.450085488 -0.0422169876
138 -1.07125536 -0.486481143 -0.0439833568
139 -0.98857 -0.4691665 -0.0327985523
140 -1.00907878 -0.489675284 -0.0407892158
141 -1.00820373 -0.449532768 -0.0416642682
142 -1.08857 -0.3691665 -0.0194388671
143 -1.06662675 -0.391109748 -0.0393547523
144 -0.98857 -0.3691665 -0.0237427558
145 -1.0087559 -0.389352403 -0.0411120967
146 -1.08857 -0.7691665 0.0607276256
147 -1.07594876 -0.75654526 0.0513232404
148 -0.98857 -0.7691665 0.0779220053
149 -1.00667917 -0.751057327 0.0568111734
150 -1.18857 -0.6691665 0.0752873029
151 -1.17452259 -0.655119094 0.052749406
152 -1.17118938 -0.5691665 0.038702
153 -1.17656865 -0.55716515 0.0507033502
154 -1.17727097 -0.580465528 0.0500010277
155 -0.942223559 -0.5691665 0.038702
156 -1.1585703 -0.4691665 0.038702
157 -1.17006543 -0.487671071 0.0572065709
158 -0.937359231 -0.4691665 0.038702
159 -1.13674592 -0.3691665 0.038702
160 -0.928636418 -0.3691665 0.038702
161 -0.916685699 -0.341050801 0.0668176988
162 -1.08857 -0.278334061 0.038702
163 -1.08857 -0.2691665 0.0449809053
164 -1.08630629 -0.271430214 0.0409657142
165 -0.916098111 -0.296694611 0.0662301112
166 -1.16528188 -0.845878382 0.161990118
167 -1.08857 -0.856515689 0.138702
168 -1.08248048 -0.86307698 0.14479152
169 -1.09458714 -0.863149363 0.144719137
170 -0.98857 -0.843322481 0.138702
171 -0.98857 -0.8691665 0.166935607
172 -0.999167038 -0.858569462 0.149299038
173 -0.905673335 -0.7691665 0.138702
174 -0.895576335 -0.762160165 0.145708335
175 -1.21760503 -0.6691665 0.138702
176 -0.905554898 -0.6691665 0.138702
177 -0.899507434 -0.680103934 0.149639434
178 -0.951228789 -0.5691665 0.138702
179 -1.15710379 -0.4691665 0.138702
180 -1.17167558 -0.48606092 0.12180758
181 -1.14715842 -0.3691665 0.138702
182 -0.919060065 -0.3691665 0.138702
183 -0.909410214 -0.348326286 0.117861786
184 -1.12733498 -0.2691665 0.138702
185 -1.08857 -0.2022054 0.138702
186 -1.07592649 -0.181810012 0.151345512
187 -0.900883477 -0.181479977 0.151015477
188 -1.08857 -0.9691665 0.288842983
189 -1.06954012 -0.950136625 0.257731875
190 -0.98857 -0.929504411 0.238702
191 -0.98857 -0.9691665 0.304649197
192 -1.01096836 -0.946768144 0.261100356
193 -1.25468667 -0.835283169 0.272585331
194 -0.890264907 -0.8691665 0.238702
195 -1.26731254 -0.790423962 0.259959462
196 -1.08857 -0.7691665 0.19981691
197 -1.11627654 -0.796873043 0.210995457
198 -1.06051767 -0.797218834 0.210649666
199 -0.98857 -0.808750718 0.238702
200 -0.98857 -0.7691665 0.223244551
201 -1.01105484 -0.791651341 0.216217159
202 -0.978161951 -0.758758451 0.228293951
203 -1.18857 -0.6691665 0.219122924
204 -1.08857 -0.6691665 0.194690269
205 -0.98857 -0.6691665 0.213117487
206 -0.971131717 -0.686604783 0.221263717
207 -0.905243585 -0.685840085 0.222028415
208 -1.08857 -0.5691665 0.205193611
209 -0.98857 -0.5691665 0.178523045
210 -1.08857 -0.4691665 0.192005747
211 -1.08857 -0.3691665 0.207291601
212 -1.07586797 -0.356464475 0.225999975
213 -0.98857 -0.353562196 0.238702
214 -0.98857 -0.3691665 0.221950509
215 -0.995052453 -0.362684047 0.232219547
216 -1.08500878 -0.1691665 0.238702
217 -1.08650319 -0.171233311 0.240768811
218 -1.0862899 -0.1714466 0.2364219
219 -0.98857 -0.102150367 0.238702
220 -0.966854625 -0.090881875 0.260417375
221 -0.915606868 -0.0962033679 0.265738868
222 -1.08857 -1.00263277 0.338702
223 -0.98857 -0.99165356 0.338702
224 -1.18314278 -0.9691665 0.338702
225 -0.92340223 -0.9691665 0.338702
226 -0.88857 -0.9691665 0.371740293
227 -1.26955376 -0.850150261 0.319685761
228 -1.08857 -0.916460971 0.338702
229 -1.06227691 -0.895459592 0.312408908
230 -0.98857 -0.897043494 0.338702
231 -0.98857 -0.8691665 0.30114618
232 -1.00688901 -0.887485508 0.320382992
233 -1.21805067 -0.798647166 0.309221334
234 -1.06987348 -0.250469975 0.320005475
235 -0.88857 -0.254058768 0.338702
236 -0.896191266 -0.261545234 0.331080734
237 -0.898814409 -0.258922091 0.348946409
238 -1.07365816 -0.1691665 0.338702
239 -1.07830048 -0.179436025 0.328432475
240 -0.833169755 -0.1691665 0.338702
241 -0.88857 -0.0713757365 0.338702
242 -0.88857 -0.0691665 0.344725247
243 -0.891069647 -0.0716661471 0.336202353
244 -0.889935927 -0.0705324275 0.340067927
245 -0.88857 -1.00792202 0.438702
246 -0.85395287 -0.9691665 0.438702
247 -0.88857 -0.927399656 0.438702
248 -0.98857 -0.22379549 0.438702
249 -0.963339961 -0.243936461 0.413471961
250 -0.88857 -0.227120623 0.438702
251 -0.915975508 -0.241760992 0.411296492
252 -1.03265682 -0.1691665 0.438702
253 -0.820120654 -0.1691665 0.438702
254 -0.807700982 -0.150035518 0.457832982
255 -0.824409144 -0.0691665 0.438702
256 -0.807853482 -0.0884499824 0.457985482
257 -0.88857 -0.0348767047 0.438702
258 -0.88857 -0.9691665 0.465653925
259 -0.98857 -0.1691665 0.513670822
260 -0.981682751 -0.162279251 0.531814751
261 -0.807176031 -0.150560469 0.520095969
262 -0.806878528 -0.150857972 0.557010528
263 -0.88857 0.00010519682 0.538702
264 -0.88857 -0.159924098 0.638702
265 -0.883450946 -0.164047446 0.633582946
266 -0.811077698 -0.146658802 0.616194302
267 -0.959761597 -0.0691665 0.638702
268 -0.78857 0.0308335 0.660102232
269 -0.795223936 0.0241795644 0.645355936
270 -0.78857 -0.110995558 0.738702
271 -0.748886391 -0.0691665 0.738702
272 -0.730285108 0.0308335 0.738702
273 -0.78857 0.0805094025 0.738702
274 -0.869059545 -0.0496560454 0.819191545
275 -0.856881822 0.0308335 0.838702
276 -0.86974856 0.0120120595 0.81988056
277 -0.736462527 0.0308335 0.838702
278 -0.78857 0.0308335 0.882458902
279 -1.03857 -0.5191665 -0.0468113319
280 -1.03857 -0.4191665 -0.0450833275
281 -1.03857 -0.7191665 0.0249777812
282 -1.13857 -0.6191665 0.00909118576
283 -1.12862809 -0.609224592 -0.0013560921
284 -0.960924116 -0.596812384 0.0110561161
285 -1.13279535 -0.5191665 -0.011298
286 -1.13857 -0.5191665 -0.00562879767
287 -1.13543596 -0.516032456 -0.00816395566
288 -1.13586885 -0.521867652 -0.00859684787
289 -0.967419023 -0.5191665 -0.011298
290 -0.954509797 -0.535106297 0.00464179688
291 -0.952863696 -0.504872804 0.00299569556
292 -1.11615219 -0.4191665 -0.011298
293 -1.12610897 -0.406705465 0.00116303496
294 -1.12797124 -0.429765263 -0.000699237018
295 -0.960211529 -0.4191665 -0.011298
296 -0.950453993 -0.431050493 0.000585992617
297 -0.950499399 -0.407237101 0.000631398852
298 -1.1109923 -0.346744205 0.0162797049
299 -0.93857 -0.3191665 0.0289559927
300 -0.955433556 -0.336030056 0.0055655559
301 -1.13857 -0.8191665 0.124469074
302 -1.12356081 -0.804157314 0.103711186
303 -1.03857 -0.803849716 0.088702
304 -1.03857 -0.8191665 0.103773743
305 -1.03126251 -0.811859005 0.0960094949
306 -1.04647961 -0.811256895 0.0966116054
307 -0.961680746 -0.796055754 0.111812746
308 -1.20918269 -0.689779186 0.118089314
309 -1.19743787 -0.6191665 0.088702
310 -1.21004405 -0.647692448 0.117227948
311 -1.17990681 -0.5191665 0.088702
312 -0.939626096 -0.5191665 0.088702
313 -0.939462429 -0.520058929 0.0878095707
314 -0.939595057 -0.518141443 0.0876769432
315 -0.939659074 -0.520255574 0.0897910737
316 -1.13620685 -0.3191665 0.088702
317 -1.13615337 -0.316749867 0.0911186332
318 -1.13718158 -0.320554924 0.0900904243
319 -1.13625801 -0.321478491 0.0863900085
320 -0.907796871 -0.3191665 0.088702
321 -1.11045666 -0.247279844 0.116815344
322 -1.13857 -0.878838992 0.188702
323 -1.03857 -0.896124597 0.188702
324 -1.03857 -0.9191665 0.217081545
325 -1.02549184 -0.906088339 0.201780161
326 -0.962655866 -0.895080634 0.212787866
327 -1.21189751 -0.8191665 0.188702
328 -1.23857 -0.8191665 0.226490564
329 -1.02918981 -0.7191665 0.188702
330 -1.03857 -0.747439688 0.188702
331 -1.03857 -0.7191665 0.18252163
332 -1.04681852 -0.727415024 0.180453476
333 -1.05009754 -0.707638965 0.177174465
334 -1.03471381 -0.715310312 0.184845812
335 -1.03507196 -0.722664539 0.185203961
336 -0.878315399 -0.7191665 0.188702
337 -1.21564915 -0.642087345 0.165781155
338 -0.93857 -0.620463279 0.188702
339 -0.938961694 -0.619558194 0.188310306
340 -0.939559383 -0.618177117 0.187712617
341 -1.13857 -0.5191665 0.175772982
342 -1.12828041 -0.508876911 0.178412411
343 -1.13116391 -0.52657259 0.18129591
344 -1.03857 -0.5191665 0.171532596
345 -1.0475048 -0.528101299 0.179767201
346 -1.05072265 -0.507013847 0.176549347
347 -1.02326026 -0.534476239 0.173392261
348 -0.967054365 -0.547650865 0.160217635
349 -1.12512954 -0.405726043 0.175261543
350 -1.12154416 -0.436192343 0.171676157
351 -0.955963441 -0.401773059 0.171308559
352 -1.12397195 -0.3191665 0.188702
353 -1.12972261 -0.310319109 0.179854609
354 -1.12763828 -0.33009822 0.17777028
355 -1.11216381 -0.2191665 0.188702
356 -1.1183109 -0.239425602 0.168442898
357 -0.871522464 -0.2191665 0.188702
358 -1.03857 -0.141004435 0.188702
359 -1.02773389 -0.130002606 0.199538106
360 -0.93857 -0.130121443 0.188702
361 -0.93857 -0.1191665 0.207073464
362 -0.944663456 -0.125259956 0.194795456
363 -1.10627479 -0.986871293 0.320997207
364 -1.03857 -0.968031633 0.288702
365 -1.00415989 -0.984756386 0.323112114
366 -1.06719918 -0.990537317 0.317331183
367 -0.976520496 -0.981216004 0.326652496
368 -1.23857 -0.878419711 0.288702
369 -1.27094755 -0.8191665 0.288702
370 -1.19144572 -0.8191665 0.288702
371 -1.13857 -0.8191665 0.219971364
372 -1.03857 -0.873378963 0.288702
373 -1.03857 -0.8191665 0.223096399
374 -1.01192208 -0.845814423 0.262054077
375 -0.946964714 -0.827561214 0.280307286
376 -0.93857 -0.7191665 0.236474805
377 -1.03857 -0.308770136 0.288702
378 -1.03857 -0.3191665 0.274538198
379 -1.03319189 -0.313788395 0.283323895
380 -0.93857 -0.302862954 0.288702
381 -0.947247041 -0.310489459 0.280024959
382 -1.09390475 -0.2191665 0.288702
383 -0.85379754 -0.2191665 0.288702
384 -0.848044254 -0.209692246 0.298176254
385 -0.861685777 -0.1191665 0.288702
386 -0.850936353 -0.131532853 0.301068353
387 -0.93857 -0.080995253 0.288702
388 -0.928446644 -1.00904314 0.398825356
389 -0.953435337 -1.00430116 0.373836663
390 -0.872113231 -0.985623269 0.422245231
391 -1.1249215 -0.932815004 0.375053496
392 -1.03857 -0.9191665 0.350694754
393 -1.05338158 -0.933978084 0.373890416
394 -1.02522458 -0.932511922 0.375356578
395 -1.23857 -0.8191665 0.359320078
396 -0.93857 -0.256603182 0.388702
397 -0.858055465 -0.2191665 0.388702
398 -0.847358492 -0.210378008 0.379913508
399 -0.847420121 -0.210316379 0.397552121
400 -0.93857 -0.0458806391 0.388702
401 -0.91943945 -0.0382970496 0.40783255
402 -0.867485196 -0.0480816955 0.417617196
403 -0.923928927 -1.00452543 0.474060927
404 -0.872263334 -0.985473166 0.455008666
405 -0.903024106 -0.954712394 0.453156106
406 -0.870219579 -0.950816079 0.457052421
407 -1.00930475 -0.189901254 0.459436754
408 -0.93857 -0.212696976 0.488702
409 -0.93857 -0.2191665 0.475071163
410 -0.943982661 -0.213753839 0.483289339
411 -0.93488154 -0.21547804 0.48501354
412 -0.83857 -0.188028297 0.488702
413 -0.855401061 -0.202335439 0.471870939
414 -1.02061589 -0.1191665 0.488702
415 -1.02540051 -0.132335987 0.475532513
416 -0.79749564 -0.1191665 0.488702
417 -0.83857 -0.0331369109 0.488702
418 -0.850084339 -0.0306808391 0.477187661
419 -0.844858207 -0.0254547075 0.494990207
420 -0.83857 -0.170378528 0.588702
421 -0.787565707 -0.1191665 0.588702
422 -0.927611576 -0.108208076 0.677743576
423 -0.766229289 -0.0915072106 0.716361289
424 -0.929910586 -0.0191665 0.688702
425 -0.93314393 -0.0245925702 0.68327593
426 -0.744193537 -0.0191665 0.688702
427 -0.743758316 -0.0243548161 0.693890316
428 -0.742851695 -0.0148848046 0.692983695
429 -0.83857 0.0564909613 0.688702
430 -0.822850311 0.0651138111 0.704421689
431 -0.763837992 0.0555655079 0.713969992
432 -0.83857 -0.103112927 0.788702
433 -0.830517667 -0.111114167 0.780649667
434 -0.76534702 -0.0923894802 0.76192498
435 -0.889490059 -0.0191665 0.788702
436 -0.755934045 -0.00180245539 0.871337955
437 -0.769068384 0.0503351159 0.858203616
$ENDNOD
$ELM
1174
1 4 1 1 4 135 133 67 279
2 4 1 1 4 135 133 66 67
3 4 1 1 4 138 133 67 285
4 4 1 1 4 138 133 279 67
5 4 1 1 4 141 137 68 280
6 4 1 1 4 67 68 140 137
7 4 1 1 4 68 140 137 141
8 4 1 1 4 67 140 138 137
9 4 1 1 4 140 138 279 67
10 4 1 1 4 140 135 67 279
11 4 1 1 4 140 135 289 67
12 4 1 1 4 143 137 68 292
13 4 1 1 4 143 137 280 68
14 4 1 1 4 145 143 68 69
15 4 1 1 4 145 143 280 68
16 4 1 1 4 145 141 68 280
17 4 1 1 4 145 141 295 68
18 4 1 1 4 149 147 71 281
19 4 1 1 4 149 147 303 71
20 4 1 1 4 1 151 73 282
21 4 1 1 4 1 151 70 73
22 4 1 1 4 1 147 71 70
23 4 1 1 4 1 147 281 71
24 4 1 1 4 2 1 74 66
25 4 1 1 4 2 1 71 74
26 4 1 1 4 2 1 281 71
27 4 1 1 4 2 149 71 281
28 4 1 1 4 2 149 72 71
29 4 1 1 4 154 151 73 309
30 4 1 1 4 154 151 282 73
31 4 1 1 4 3 152 288 283
32 4 1 1 4 3 76 286 152
33 4 1 1 4 76 152 153 286
34 4 1 1 4 3 152 286 288
35 4 1 1 4 73 152 154 153
36 4 1 1 4 152 3 76 73
37 4 1 1 4 76 153 152 73
38 4 1 1 4 3 73 152 282
39 4 1 1 4 73 152 282 154
40 4 1 1 4 3 152 283 282
41 4 1 1 4 1 3 282 73
42 4 1 1 4 1 3 283 282
43 4 1 1 4 3 1 74 73
44 4 1 1 4 3 1 66 74
45 4 1 1 4 3 1 283 66
46 4 1 1 4 3 132 66 283
47 4 1 1 4 66 3 67 132
48 4 1 1 4 66 67 133 132
49 4 1 1 4 3 67 132 285
50 4 1 1 4 67 132 285 133
51 4 1 1 4 3 132 288 285
52 4 1 1 4 3 132 283 288
53 4 1 1 4 4 3 67 66
54 4 1 1 4 4 3 77 67
55 4 1 1 4 4 3 74 77
56 4 1 1 4 4 3 66 74
57 4 1 1 4 4 2 74 66
58 4 1 1 4 4 2 75 74
59 4 1 1 4 4 2 284 75
60 4 1 1 4 4 2 66 284
61 4 1 1 4 4 134 284 66
62 4 1 1 4 4 134 290 284
63 4 1 1 4 4 67 289 134
64 4 1 1 4 67 134 135 289
65 4 1 1 4 4 134 289 290
66 4 1 1 4 66 4 134 67
67 4 1 1 4 66 67 134 135
68 4 1 1 4 155 4 290 284
69 4 1 1 4 155 4 313 290
70 4 1 1 4 155 4 75 313
71 4 1 1 4 155 4 284 75
72 4 1 1 4 157 153 76 311
73 4 1 1 4 157 153 286 76
74 4 1 1 4 5 156 294 287
75 4 1 1 4 5 156 78 294
76 4 1 1 4 78 5 76 156
77 4 1 1 4 78 76 157 156
78 4 1 1 4 5 76 156 286
79 4 1 1 4 76 156 286 157
80 4 1 1 4 5 156 287 286
81 4 1 1 4 5 287 288 286
82 4 1 1 4 286 5 76 3
83 4 1 1 4 3 288 286 5
84 4 1 1 4 5 3 77 76
85 4 1 1 4 5 3 67 77
86 4 1 1 4 5 287 285 288
87 4 1 1 4 285 5 3 67
88 4 1 1 4 3 288 5 285
89 4 1 1 4 5 67 285 136
90 4 1 1 4 67 136 138 285
91 4 1 1 4 5 136 285 287
92 4 1 1 4 67 136 137 138
93 4 1 1 4 136 5 67 68
94 4 1 1 4 68 137 67 136
95 4 1 1 4 5 68 136 292
96 4 1 1 4 68 136 292 137
97 4 1 1 4 5 136 294 292
98 4 1 1 4 5 136 287 294
99 4 1 1 4 6 5 68 67
100 4 1 1 4 6 5 79 68
101 4 1 1 4 6 5 77 79
102 4 1 1 4 6 5 67 77
103 4 1 1 4 6 4 77 67
104 4 1 1 4 6 314 312 313
105 4 1 1 4 312 6 4 77
106 4 1 1 4 4 313 6 312
107 4 1 1 4 6 4 291 313
108 4 1 1 4 4 291 313 290
109 4 1 1 4 6 291 314 313
110 4 1 1 4 4 291 290 289
111 4 1 1 4 289 6 67 4
112 4 1 1 4 6 291 4 289
113 4 1 1 4 6 67 139 289
114 4 1 1 4 67 139 289 140
115 4 1 1 4 6 139 291 289
116 4 1 1 4 6 139 296 291
117 4 1 1 4 6 68 295 139
118 4 1 1 4 68 139 141 295
119 4 1 1 4 6 139 295 296
120 4 1 1 4 68 139 140 141
121 4 1 1 4 139 6 68 67
122 4 1 1 4 67 140 68 139
123 4 1 1 4 158 6 296 291
124 4 1 1 4 158 6 80 296
125 4 1 1 4 158 6 314 80
126 4 1 1 4 158 6 291 314
127 4 1 1 4 7 159 298 293
128 4 1 1 4 7 159 319 298
129 4 1 1 4 7 159 78 319
130 4 1 1 4 7 159 293 78
131 4 1 1 4 78 7 5 294
132 4 1 1 4 78 7 294 293
133 4 1 1 4 7 5 79 78
134 4 1 1 4 7 5 68 79
135 4 1 1 4 7 293 292 294
136 4 1 1 4 292 7 5 68
137 4 1 1 4 5 294 7 292
138 4 1 1 4 7 68 292 142
139 4 1 1 4 68 142 143 292
140 4 1 1 4 7 142 292 293
141 4 1 1 4 69 7 142 68
142 4 1 1 4 69 68 142 143
143 4 1 1 4 7 142 298 69
144 4 1 1 4 7 142 293 298
145 4 1 1 4 8 7 69 68
146 4 1 1 4 8 7 81 69
147 4 1 1 4 8 7 79 81
148 4 1 1 4 8 7 68 79
149 4 1 1 4 8 6 79 68
150 4 1 1 4 8 6 80 79
151 4 1 1 4 80 8 297 6
152 4 1 1 4 80 6 297 296
153 4 1 1 4 6 297 296 295
154 4 1 1 4 295 8 68 6
155 4 1 1 4 8 297 6 295
156 4 1 1 4 8 68 144 295
157 4 1 1 4 68 144 295 145
158 4 1 1 4 8 144 297 295
159 4 1 1 4 8 144 300 297
160 4 1 1 4 8 144 69 300
161 4 1 1 4 69 8 68 144
162 4 1 1 4 69 68 145 144
163 4 1 1 4 160 8 300 297
164 4 1 1 4 8 82 160 299
165 4 1 1 4 82 160 299 161
166 4 1 1 4 8 160 300 299
167 4 1 1 4 80 8 82 160
168 4 1 1 4 80 82 161 160
169 4 1 1 4 160 8 297 80
170 4 1 1 4 162 7 319 298
171 4 1 1 4 7 81 162 316
172 4 1 1 4 81 162 316 164
173 4 1 1 4 7 162 319 316
174 4 1 1 4 69 7 81 162
175 4 1 1 4 69 81 164 162
176 4 1 1 4 162 7 298 69
177 4 1 1 4 9 164 81 83
178 4 1 1 4 9 164 69 81
179 4 1 1 4 9 8 81 69
180 4 1 1 4 9 8 82 81
181 4 1 1 4 9 8 299 82
182 4 1 1 4 9 8 300 299
183 4 1 1 4 9 8 69 300
184 4 1 1 4 165 9 82 84
185 4 1 1 4 165 9 299 82
186 4 1 1 4 165 161 82 299
187 4 1 1 4 165 161 320 82
188 4 1 1 4 169 166 85 301
189 4 1 1 4 169 166 322 85
190 4 1 1 4 172 168 86 304
191 4 1 1 4 172 168 323 86
192 4 1 1 4 10 166 85 327
193 4 1 1 4 10 166 301 85
194 4 1 1 4 11 10 70 302
195 4 1 1 4 11 10 89 70
196 4 1 1 4 11 10 85 89
197 4 1 1 4 10 11 85 301
198 4 1 1 4 10 11 301 302
199 4 1 1 4 11 85 301 167
200 4 1 1 4 85 167 169 301
201 4 1 1 4 11 167 301 302
202 4 1 1 4 85 167 168 169
203 4 1 1 4 167 11 85 86
204 4 1 1 4 86 168 85 167
205 4 1 1 4 11 86 167 304
206 4 1 1 4 86 167 304 168
207 4 1 1 4 11 167 306 304
208 4 1 1 4 11 167 302 306
209 4 1 1 4 11 146 306 302
210 4 1 1 4 11 71 303 146
211 4 1 1 4 71 146 147 303
212 4 1 1 4 11 146 303 306
213 4 1 1 4 70 11 146 71
214 4 1 1 4 70 71 146 147
215 4 1 1 4 11 146 302 70
216 4 1 1 4 12 305 306 303
217 4 1 1 4 303 12 71 11
218 4 1 1 4 11 306 303 12
219 4 1 1 4 12 335 331 332
220 4 1 1 4 331 12 11 71
221 4 1 1 4 11 332 12 331
222 4 1 1 4 12 335 332 330
223 4 1 1 4 330 12 86 11
224 4 1 1 4 11 332 330 12
225 4 1 1 4 12 305 304 306
226 4 1 1 4 304 12 11 86
227 4 1 1 4 11 306 12 304
228 4 1 1 4 12 86 304 170
229 4 1 1 4 86 170 172 304
230 4 1 1 4 12 170 304 305
231 4 1 1 4 87 12 170 86
232 4 1 1 4 87 86 170 172
233 4 1 1 4 12 170 307 87
234 4 1 1 4 12 170 305 307
235 4 1 1 4 12 148 307 305
236 4 1 1 4 12 148 72 307
237 4 1 1 4 72 12 71 148
238 4 1 1 4 72 71 149 148
239 4 1 1 4 12 71 148 303
240 4 1 1 4 71 148 303 149
241 4 1 1 4 12 148 305 303
242 4 1 1 4 173 12 72 307
243 4 1 1 4 72 12 173 90
244 4 1 1 4 72 90 173 174
245 4 1 1 4 87 12 90 173
246 4 1 1 4 87 90 174 173
247 4 1 1 4 173 12 307 87
248 4 1 1 4 13 175 310 308
249 4 1 1 4 13 175 337 310
250 4 1 1 4 13 175 88 337
251 4 1 1 4 13 175 308 88
252 4 1 1 4 13 10 88 308
253 4 1 1 4 13 10 89 88
254 4 1 1 4 13 10 70 89
255 4 1 1 4 13 10 308 70
256 4 1 1 4 13 150 70 308
257 4 1 1 4 70 13 73 150
258 4 1 1 4 70 73 151 150
259 4 1 1 4 13 73 150 309
260 4 1 1 4 73 150 309 151
261 4 1 1 4 13 150 310 309
262 4 1 1 4 13 150 308 310
263 4 1 1 4 14 13 73 70
264 4 1 1 4 14 13 91 73
265 4 1 1 4 14 13 89 91
266 4 1 1 4 14 13 70 89
267 4 1 1 4 14 11 89 70
268 4 1 1 4 89 14 332 11
269 4 1 1 4 89 14 333 332
270 4 1 1 4 14 333 332 331
271 4 1 1 4 331 14 71 11
272 4 1 1 4 11 332 331 14
273 4 1 1 4 14 11 70 71
274 4 1 1 4 14 1 71 70
275 4 1 1 4 14 1 74 71
276 4 1 1 4 14 1 73 74
277 4 1 1 4 14 1 70 73
278 4 1 1 4 15 14 74 71
279 4 1 1 4 15 14 92 74
280 4 1 1 4 92 15 334 14
281 4 1 1 4 92 14 334 333
282 4 1 1 4 14 334 333 331
283 4 1 1 4 331 15 71 14
284 4 1 1 4 15 334 14 331
285 4 1 1 4 12 334 331 335
286 4 1 1 4 331 15 12 71
287 4 1 1 4 15 334 331 12
288 4 1 1 4 12 334 335 329
289 4 1 1 4 329 15 90 12
290 4 1 1 4 15 334 12 329
291 4 1 1 4 15 12 72 90
292 4 1 1 4 15 12 71 72
293 4 1 1 4 15 2 72 71
294 4 1 1 4 15 2 75 72
295 4 1 1 4 15 2 74 75
296 4 1 1 4 15 2 71 74
297 4 1 1 4 176 15 75 72
298 4 1 1 4 176 15 339 75
299 4 1 1 4 15 90 176 338
300 4 1 1 4 90 176 338 177
301 4 1 1 4 15 176 339 338
302 4 1 1 4 72 15 90 176
303 4 1 1 4 72 90 177 176
304 4 1 1 4 177 174 90 72
305 4 1 1 4 177 174 336 90
306 4 1 1 4 16 13 337 310
307 4 1 1 4 16 13 91 337
308 4 1 1 4 16 13 73 91
309 4 1 1 4 16 13 309 73
310 4 1 1 4 16 13 310 309
311 4 1 1 4 16 154 73 309
312 4 1 1 4 16 76 73 153
313 4 1 1 4 16 73 154 153
314 4 1 1 4 16 153 311 76
315 4 1 1 4 17 16 76 73
316 4 1 1 4 16 17 76 341
317 4 1 1 4 16 17 341 343
318 4 1 1 4 17 16 91 343
319 4 1 1 4 17 16 73 91
320 4 1 1 4 17 14 91 73
321 4 1 1 4 17 14 92 91
322 4 1 1 4 17 14 74 92
323 4 1 1 4 17 14 73 74
324 4 1 1 4 17 3 74 73
325 4 1 1 4 17 3 77 74
326 4 1 1 4 17 3 76 77
327 4 1 1 4 17 3 73 76
328 4 1 1 4 18 17 77 74
329 4 1 1 4 18 347 344 345
330 4 1 1 4 344 18 17 77
331 4 1 1 4 17 345 18 344
332 4 1 1 4 92 18 17 345
333 4 1 1 4 92 18 345 347
334 4 1 1 4 18 17 74 92
335 4 1 1 4 18 15 92 74
336 4 1 1 4 92 18 339 15
337 4 1 1 4 92 18 340 339
338 4 1 1 4 75 18 15 339
339 4 1 1 4 75 18 339 340
340 4 1 1 4 18 15 74 75
341 4 1 1 4 18 4 75 74
342 4 1 1 4 75 18 313 4
343 4 1 1 4 75 18 315 313
344 4 1 1 4 18 315 313 312
345 4 1 1 4 312 18 77 4
346 4 1 1 4 4 313 312 18
347 4 1 1 4 18 4 74 77
348 4 1 1 4 178 18 315 75
349 4 1 1 4 178 18 348 315
350 4 1 1 4 178 18 340 348
351 4 1 1 4 178 18 75 340
352 4 1 1 4 180 16 76 341
353 4 1 1 4 180 16 311 76
354 4 1 1 4 180 157 76 311
355 4 1 1 4 180 157 78 76
356 4 1 1 4 78 19 179 76
357 4 1 1 4 78 76 179 180
358 4 1 1 4 19 179 350 78
359 4 1 1 4 19 179 342 350
360 4 1 1 4 19 76 341 179
361 4 1 1 4 76 179 180 341
362 4 1 1 4 19 179 341 342
363 4 1 1 4 17 342 341 343
364 4 1 1 4 341 19 17 76
365 4 1 1 4 19 342 341 17
366 4 1 1 4 19 17 345 342
367 4 1 1 4 19 345 346 342
368 4 1 1 4 17 345 342 343
369 4 1 1 4 19 346 345 344
370 4 1 1 4 344 19 77 17
371 4 1 1 4 17 345 344 19
372 4 1 1 4 19 17 76 77
373 4 1 1 4 19 5 77 76
374 4 1 1 4 19 5 79 77
375 4 1 1 4 19 5 78 79
376 4 1 1 4 19 5 76 78
377 4 1 1 4 20 19 79 77
378 4 1 1 4 20 19 93 79
379 4 1 1 4 20 19 346 93
380 4 1 1 4 20 19 77 344
381 4 1 1 4 20 19 344 346
382 4 1 1 4 20 18 344 77
383 4 1 1 4 20 18 347 344
384 4 1 1 4 20 18 348 347
385 4 1 1 4 20 18 315 348
386 4 1 1 4 20 18 77 312
387 4 1 1 4 20 18 312 315
388 4 1 1 4 20 6 312 77
389 4 1 1 4 20 6 314 312
390 4 1 1 4 20 6 80 314
391 4 1 1 4 20 6 79 80
392 4 1 1 4 20 6 77 79
393 4 1 1 4 21 181 318 78
394 4 1 1 4 21 181 354 318
395 4 1 1 4 21 181 349 354
396 4 1 1 4 21 181 78 349
397 4 1 1 4 78 21 349 19
398 4 1 1 4 78 19 349 350
399 4 1 1 4 93 21 19 349
400 4 1 1 4 93 19 350 349
401 4 1 1 4 21 19 79 93
402 4 1 1 4 21 19 78 79
403 4 1 1 4 21 7 79 78
404 4 1 1 4 21 7 81 79
405 4 1 1 4 7 318 316 319
406 4 1 1 4 316 21 7 81
407 4 1 1 4 21 318 316 7
408 4 1 1 4 78 21 7 318
409 4 1 1 4 78 7 319 318
410 4 1 1 4 22 21 81 79
411 4 1 1 4 22 21 94 81
412 4 1 1 4 22 21 93 94
413 4 1 1 4 22 21 79 93
414 4 1 1 4 22 20 93 79
415 4 1 1 4 22 20 351 93
416 4 1 1 4 22 20 80 351
417 4 1 1 4 22 20 79 80
418 4 1 1 4 22 8 80 79
419 4 1 1 4 22 8 82 80
420 4 1 1 4 22 8 81 82
421 4 1 1 4 22 8 79 81
422 4 1 1 4 80 22 182 82
423 4 1 1 4 80 82 182 183
424 4 1 1 4 95 22 82 182
425 4 1 1 4 95 82 183 182
426 4 1 1 4 182 22 351 95
427 4 1 1 4 182 22 80 351
428 4 1 1 4 183 161 82 320
429 4 1 1 4 183 161 80 82
430 4 1 1 4 23 184 321 317
431 4 1 1 4 23 184 356 321
432 4 1 1 4 23 184 353 356
433 4 1 1 4 23 184 317 353
434 4 1 1 4 23 21 353 318
435 4 1 1 4 21 353 318 354
436 4 1 1 4 23 353 317 318
437 4 1 1 4 21 353 354 352
438 4 1 1 4 352 23 94 21
439 4 1 1 4 23 353 21 352
440 4 1 1 4 23 21 81 94
441 4 1 1 4 23 317 316 318
442 4 1 1 4 316 23 21 81
443 4 1 1 4 21 318 23 316
444 4 1 1 4 23 81 316 163
445 4 1 1 4 81 163 164 316
446 4 1 1 4 23 163 316 317
447 4 1 1 4 83 23 163 81
448 4 1 1 4 83 81 163 164
449 4 1 1 4 23 163 321 83
450 4 1 1 4 23 163 317 321
451 4 1 1 4 24 23 83 81
452 4 1 1 4 24 23 96 83
453 4 1 1 4 24 23 94 96
454 4 1 1 4 24 23 81 94
455 4 1 1 4 24 22 94 81
456 4 1 1 4 24 22 95 94
457 4 1 1 4 24 22 82 95
458 4 1 1 4 24 22 81 82
459 4 1 1 4 24 9 82 81
460 4 1 1 4 24 9 84 82
461 4 1 1 4 24 9 83 84
462 4 1 1 4 24 9 81 83
463 4 1 1 4 25 24 84 82
464 4 1 1 4 25 24 97 84
465 4 1 1 4 25 24 95 97
466 4 1 1 4 25 24 82 95
467 4 1 1 4 25 183 95 82
468 4 1 1 4 25 183 82 320
469 4 1 1 4 25 165 320 82
470 4 1 1 4 25 165 82 84
471 4 1 1 4 185 23 356 321
472 4 1 1 4 23 96 185 355
473 4 1 1 4 96 185 355 186
474 4 1 1 4 23 185 356 355
475 4 1 1 4 83 23 96 185
476 4 1 1 4 83 96 186 185
477 4 1 1 4 185 23 321 83
478 4 1 1 4 26 186 96 358
479 4 1 1 4 26 186 83 96
480 4 1 1 4 26 24 96 83
481 4 1 1 4 26 24 97 96
482 4 1 1 4 26 24 84 97
483 4 1 1 4 26 24 83 84
484 4 1 1 4 187 26 97 360
485 4 1 1 4 187 26 84 97
486 4 1 1 4 187 25 97 84
487 4 1 1 4 187 25 357 97
488 4 1 1 4 192 189 99 324
489 4 1 1 4 192 189 364 99
490 4 1 1 4 27 193 101 328
491 4 1 1 4 27 193 368 101
492 4 1 1 4 27 166 85 322
493 4 1 1 4 27 166 327 85
494 4 1 1 4 28 27 85 322
495 4 1 1 4 28 27 371 85
496 4 1 1 4 28 189 99 98
497 4 1 1 4 28 189 324 99
498 4 1 1 4 28 168 86 323
499 4 1 1 4 28 85 86 168
500 4 1 1 4 28 85 168 169
501 4 1 1 4 28 169 322 85
502 4 1 1 4 28 29 323 86
503 4 1 1 4 28 29 325 323
504 4 1 1 4 28 29 86 373
505 4 1 1 4 28 29 373 374
506 4 1 1 4 28 29 372 99
507 4 1 1 4 28 29 374 372
508 4 1 1 4 28 29 99 324
509 4 1 1 4 28 29 324 325
510 4 1 1 4 29 99 324 190
511 4 1 1 4 99 190 192 324
512 4 1 1 4 29 190 324 325
513 4 1 1 4 100 29 190 99
514 4 1 1 4 100 99 190 192
515 4 1 1 4 29 190 326 100
516 4 1 1 4 29 190 325 326
517 4 1 1 4 29 171 326 325
518 4 1 1 4 29 171 87 326
519 4 1 1 4 87 29 86 171
520 4 1 1 4 87 86 172 171
521 4 1 1 4 29 86 171 323
522 4 1 1 4 86 171 323 172
523 4 1 1 4 29 171 325 323
524 4 1 1 4 194 29 87 326
525 4 1 1 4 194 29 375 87
526 4 1 1 4 194 29 100 375
527 4 1 1 4 194 29 326 100
528 4 1 1 4 195 193 101 369
529 4 1 1 4 195 193 328 101
530 4 1 1 4 30 195 101 102
531 4 1 1 4 30 195 328 101
532 4 1 1 4 30 27 101 328
533 4 1 1 4 30 27 370 101
534 4 1 1 4 30 27 85 371
535 4 1 1 4 30 27 327 85
536 4 1 1 4 30 10 85 327
537 4 1 1 4 30 10 89 85
538 4 1 1 4 30 10 88 89
539 4 1 1 4 197 30 89 85
540 4 1 1 4 197 30 85 371
541 4 1 1 4 197 28 371 85
542 4 1 1 4 198 28 86 373
543 4 1 1 4 28 85 198 86
544 4 1 1 4 28 85 197 198
545 4 1 1 4 85 196 197 198
546 4 1 1 4 196 11 86 85
547 4 1 1 4 86 198 196 85
548 4 1 1 4 11 86 330 196
549 4 1 1 4 86 196 198 330
550 4 1 1 4 11 196 330 332
551 4 1 1 4 196 11 89 332
552 4 1 1 4 89 11 196 85
553 4 1 1 4 89 85 196 197
554 4 1 1 4 201 198 330 86
555 4 1 1 4 201 198 86 373
556 4 1 1 4 29 86 373 199
557 4 1 1 4 86 199 201 373
558 4 1 1 4 29 199 373 374
559 4 1 1 4 199 29 375 374
560 4 1 1 4 199 29 87 375
561 4 1 1 4 87 29 199 86
562 4 1 1 4 87 86 199 201
563 4 1 1 4 87 12 86 200
564 4 1 1 4 87 86 201 200
565 4 1 1 4 87 12 200 90
566 4 1 1 4 87 90 200 202
567 4 1 1 4 12 90 329 200
568 4 1 1 4 90 200 202 329
569 4 1 1 4 12 200 329 335
570 4 1 1 4 12 86 200 330
571 4 1 1 4 86 200 330 201
572 4 1 1 4 12 200 335 330
573 4 1 1 4 31 202 90 87
574 4 1 1 4 31 202 376 90
575 4 1 1 4 31 174 90 336
576 4 1 1 4 31 174 87 90
577 4 1 1 4 203 13 89 88
578 4 1 1 4 203 13 91 89
579 4 1 1 4 203 13 337 91
580 4 1 1 4 203 13 88 337
581 4 1 1 4 204 14 333 89
582 4 1 1 4 204 14 92 333
583 4 1 1 4 204 14 91 92
584 4 1 1 4 204 14 89 91
585 4 1 1 4 206 202 90 376
586 4 1 1 4 206 202 329 90
587 4 1 1 4 15 90 205 329
588 4 1 1 4 90 205 329 206
589 4 1 1 4 15 205 334 329
590 4 1 1 4 15 90 338 205
591 4 1 1 4 90 205 206 338
592 4 1 1 4 15 205 338 339
593 4 1 1 4 205 15 92 339
594 4 1 1 4 205 15 334 92
595 4 1 1 4 207 206 338 90
596 4 1 1 4 207 206 90 376
597 4 1 1 4 207 31 376 90
598 4 1 1 4 207 31 90 336
599 4 1 1 4 207 177 336 90
600 4 1 1 4 207 177 90 338
601 4 1 1 4 208 17 92 91
602 4 1 1 4 208 17 345 92
603 4 1 1 4 208 17 343 345
604 4 1 1 4 208 17 91 343
605 4 1 1 4 209 18 340 92
606 4 1 1 4 209 18 348 340
607 4 1 1 4 209 18 347 348
608 4 1 1 4 209 18 92 347
609 4 1 1 4 210 19 346 342
610 4 1 1 4 210 19 93 346
611 4 1 1 4 210 19 350 93
612 4 1 1 4 210 19 342 350
613 4 1 1 4 211 21 93 349
614 4 1 1 4 93 21 211 94
615 4 1 1 4 93 94 211 212
616 4 1 1 4 21 94 352 211
617 4 1 1 4 94 211 212 352
618 4 1 1 4 21 211 352 354
619 4 1 1 4 211 21 349 354
620 4 1 1 4 215 212 94 93
621 4 1 1 4 215 212 378 94
622 4 1 1 4 214 22 351 93
623 4 1 1 4 214 22 95 351
624 4 1 1 4 95 22 214 94
625 4 1 1 4 95 94 214 215
626 4 1 1 4 93 22 94 214
627 4 1 1 4 93 94 215 214
628 4 1 1 4 32 212 94 378
629 4 1 1 4 32 212 352 94
630 4 1 1 4 32 23 94 352
631 4 1 1 4 32 23 352 353
632 4 1 1 4 32 23 96 94
633 4 1 1 4 32 23 355 96
634 4 1 1 4 32 23 356 355
635 4 1 1 4 32 23 353 356
636 4 1 1 4 33 32 96 94
637 4 1 1 4 33 32 103 96
638 4 1 1 4 32 33 103 377
639 4 1 1 4 32 33 377 379
640 4 1 1 4 32 33 378 94
641 4 1 1 4 32 33 379 378
642 4 1 1 4 33 94 213 378
643 4 1 1 4 94 213 378 215
644 4 1 1 4 33 213 379 378
645 4 1 1 4 33 213 381 379
646 4 1 1 4 33 213 95 381
647 4 1 1 4 95 33 94 213
648 4 1 1 4 95 94 215 213
649 4 1 1 4 33 24 95 94
650 4 1 1 4 33 24 97 95
651 4 1 1 4 33 24 96 97
652 4 1 1 4 33 24 94 96
653 4 1 1 4 34 33 97 95
654 4 1 1 4 34 33 104 97
655 4 1 1 4 34 33 380 104
656 4 1 1 4 34 33 381 380
657 4 1 1 4 34 33 95 381
658 4 1 1 4 34 25 97 357
659 4 1 1 4 34 25 95 97
660 4 1 1 4 217 32 103 382
661 4 1 1 4 32 96 218 103
662 4 1 1 4 32 103 218 217
663 4 1 1 4 218 32 355 96
664 4 1 1 4 218 186 96 355
665 4 1 1 4 218 186 358 96
666 4 1 1 4 35 96 216 358
667 4 1 1 4 96 216 358 218
668 4 1 1 4 35 216 359 358
669 4 1 1 4 35 216 105 359
670 4 1 1 4 105 35 103 216
671 4 1 1 4 105 103 217 216
672 4 1 1 4 103 216 218 217
673 4 1 1 4 216 35 103 96
674 4 1 1 4 96 218 103 216
675 4 1 1 4 35 33 103 96
676 4 1 1 4 35 33 104 103
677 4 1 1 4 35 33 97 104
678 4 1 1 4 35 33 96 97
679 4 1 1 4 35 26 97 96
680 4 1 1 4 26 35 97 360
681 4 1 1 4 26 35 360 362
682 4 1 1 4 35 26 359 362
683 4 1 1 4 26 35 358 96
684 4 1 1 4 26 35 359 358
685 4 1 1 4 36 35 360 97
686 4 1 1 4 36 35 362 360
687 4 1 1 4 36 35 106 361
688 4 1 1 4 36 35 361 362
689 4 1 1 4 36 35 104 106
690 4 1 1 4 36 35 97 104
691 4 1 1 4 36 34 104 97
692 4 1 1 4 36 34 383 104
693 4 1 1 4 36 34 97 357
694 4 1 1 4 36 187 357 97
695 4 1 1 4 36 187 97 360
696 4 1 1 4 219 35 105 359
697 4 1 1 4 105 35 219 106
698 4 1 1 4 105 106 219 220
699 4 1 1 4 35 106 361 219
700 4 1 1 4 106 219 220 361
701 4 1 1 4 35 219 361 362
702 4 1 1 4 219 35 359 362
703 4 1 1 4 221 220 106 387
704 4 1 1 4 221 220 361 106
705 4 1 1 4 221 36 106 361
706 4 1 1 4 221 36 385 106
707 4 1 1 4 37 224 98 363
708 4 1 1 4 37 224 391 98
709 4 1 1 4 37 224 107 391
710 4 1 1 4 37 224 363 107
711 4 1 1 4 37 222 107 363
712 4 1 1 4 37 222 108 107
713 4 1 1 4 37 222 366 108
714 4 1 1 4 37 222 363 366
715 4 1 1 4 37 188 366 363
716 4 1 1 4 37 99 364 188
717 4 1 1 4 99 188 189 364
718 4 1 1 4 37 188 364 366
719 4 1 1 4 98 37 188 99
720 4 1 1 4 98 99 188 189
721 4 1 1 4 37 188 363 98
722 4 1 1 4 38 365 366 364
723 4 1 1 4 364 38 99 37
724 4 1 1 4 37 366 364 38
725 4 1 1 4 38 394 392 393
726 4 1 1 4 392 38 37 99
727 4 1 1 4 37 393 38 392
728 4 1 1 4 108 38 37 393
729 4 1 1 4 108 38 393 394
730 4 1 1 4 108 38 366 37
731 4 1 1 4 108 38 365 366
732 4 1 1 4 38 223 108 365
733 4 1 1 4 38 223 389 108
734 4 1 1 4 38 223 367 389
735 4 1 1 4 38 223 365 367
736 4 1 1 4 38 191 367 365
737 4 1 1 4 38 191 100 367
738 4 1 1 4 100 38 99 191
739 4 1 1 4 100 99 192 191
740 4 1 1 4 38 99 191 364
741 4 1 1 4 99 191 364 192
742 4 1 1 4 38 191 365 364
743 4 1 1 4 225 38 100 367
744 4 1 1 4 225 38 109 100
745 4 1 1 4 225 38 389 109
746 4 1 1 4 225 38 367 389
747 4 1 1 4 227 193 101 368
748 4 1 1 4 227 193 369 101
749 4 1 1 4 39 227 101 368
750 4 1 1 4 39 227 395 101
751 4 1 1 4 39 27 101 370
752 4 1 1 4 39 27 368 101
753 4 1 1 4 228 37 391 98
754 4 1 1 4 228 37 393 391
755 4 1 1 4 37 99 228 392
756 4 1 1 4 99 228 392 229
757 4 1 1 4 37 228 393 392
758 4 1 1 4 98 37 99 228
759 4 1 1 4 98 99 229 228
760 4 1 1 4 229 28 99 98
761 4 1 1 4 229 28 372 99
762 4 1 1 4 232 229 372 99
763 4 1 1 4 232 229 99 392
764 4 1 1 4 38 99 392 230
765 4 1 1 4 99 230 232 392
766 4 1 1 4 38 230 392 394
767 4 1 1 4 230 38 109 394
768 4 1 1 4 230 38 100 109
769 4 1 1 4 100 38 230 99
770 4 1 1 4 100 99 230 232
771 4 1 1 4 100 29 99 231
772 4 1 1 4 100 99 232 231
773 4 1 1 4 231 29 375 100
774 4 1 1 4 231 29 374 375
775 4 1 1 4 29 99 231 372
776 4 1 1 4 99 231 372 232
777 4 1 1 4 29 231 374 372
778 4 1 1 4 40 227 101 395
779 4 1 1 4 40 227 369 101
780 4 1 1 4 40 195 101 369
781 4 1 1 4 40 195 102 101
782 4 1 1 4 233 40 102 101
783 4 1 1 4 233 40 101 395
784 4 1 1 4 233 39 395 101
785 4 1 1 4 233 39 101 370
786 4 1 1 4 233 30 370 101
787 4 1 1 4 233 30 101 102
788 4 1 1 4 234 32 103 377
789 4 1 1 4 234 32 382 103
790 4 1 1 4 41 234 103 377
791 4 1 1 4 41 234 111 103
792 4 1 1 4 41 33 381 379
793 4 1 1 4 41 33 104 380
794 4 1 1 4 41 33 380 381
795 4 1 1 4 41 33 103 104
796 4 1 1 4 41 33 377 103
797 4 1 1 4 41 33 379 377
798 4 1 1 4 236 41 104 380
799 4 1 1 4 41 112 236 104
800 4 1 1 4 41 112 237 236
801 4 1 1 4 237 41 396 112
802 4 1 1 4 236 34 104 383
803 4 1 1 4 236 34 380 104
804 4 1 1 4 239 234 103 111
805 4 1 1 4 239 234 382 103
806 4 1 1 4 239 217 103 382
807 4 1 1 4 239 217 105 103
808 4 1 1 4 105 42 238 103
809 4 1 1 4 105 103 238 239
810 4 1 1 4 42 238 113 105
811 4 1 1 4 42 238 111 113
812 4 1 1 4 111 42 103 238
813 4 1 1 4 111 103 239 238
814 4 1 1 4 42 41 111 103
815 4 1 1 4 42 41 112 111
816 4 1 1 4 42 41 104 112
817 4 1 1 4 42 41 103 104
818 4 1 1 4 42 35 104 103
819 4 1 1 4 42 35 106 104
820 4 1 1 4 42 35 105 106
821 4 1 1 4 42 35 103 105
822 4 1 1 4 43 42 106 104
823 4 1 1 4 43 42 114 106
824 4 1 1 4 43 42 112 114
825 4 1 1 4 43 42 104 112
826 4 1 1 4 112 235 237 236
827 4 1 1 4 235 43 104 112
828 4 1 1 4 104 236 235 112
829 4 1 1 4 43 112 235 397
830 4 1 1 4 112 235 397 237
831 4 1 1 4 43 235 398 397
832 4 1 1 4 43 235 384 398
833 4 1 1 4 43 104 383 235
834 4 1 1 4 104 235 236 383
835 4 1 1 4 43 235 383 384
836 4 1 1 4 36 43 104 383
837 4 1 1 4 36 43 383 384
838 4 1 1 4 43 36 386 384
839 4 1 1 4 36 43 385 106
840 4 1 1 4 36 43 386 385
841 4 1 1 4 43 36 104 106
842 4 1 1 4 240 43 386 384
843 4 1 1 4 240 43 115 386
844 4 1 1 4 240 43 398 115
845 4 1 1 4 240 43 384 398
846 4 1 1 4 44 42 113 105
847 4 1 1 4 44 42 114 113
848 4 1 1 4 44 42 106 114
849 4 1 1 4 44 42 105 106
850 4 1 1 4 44 220 106 105
851 4 1 1 4 44 220 387 106
852 4 1 1 4 243 44 387 106
853 4 1 1 4 244 44 114 400
854 4 1 1 4 44 106 244 114
855 4 1 1 4 44 106 243 244
856 4 1 1 4 106 241 243 244
857 4 1 1 4 241 43 114 106
858 4 1 1 4 114 244 241 106
859 4 1 1 4 115 43 114 241
860 4 1 1 4 115 114 244 241
861 4 1 1 4 241 43 386 115
862 4 1 1 4 43 106 241 385
863 4 1 1 4 106 241 385 243
864 4 1 1 4 43 241 386 385
865 4 1 1 4 243 221 385 106
866 4 1 1 4 243 221 106 387
867 4 1 1 4 45 37 108 107
868 4 1 1 4 45 37 393 108
869 4 1 1 4 45 37 391 393
870 4 1 1 4 45 37 107 391
871 4 1 1 4 46 45 108 116
872 4 1 1 4 46 38 389 108
873 4 1 1 4 46 38 109 389
874 4 1 1 4 46 38 394 109
875 4 1 1 4 46 38 108 394
876 4 1 1 4 47 46 109 388
877 4 1 1 4 47 46 405 109
878 4 1 1 4 47 46 403 405
879 4 1 1 4 47 46 388 403
880 4 1 1 4 47 245 403 388
881 4 1 1 4 47 245 404 403
882 4 1 1 4 47 245 390 404
883 4 1 1 4 47 245 388 390
884 4 1 1 4 47 226 390 388
885 4 1 1 4 47 226 110 390
886 4 1 1 4 47 226 109 110
887 4 1 1 4 47 226 388 109
888 4 1 1 4 246 47 110 390
889 4 1 1 4 246 47 406 110
890 4 1 1 4 246 47 404 406
891 4 1 1 4 246 47 390 404
892 4 1 1 4 247 47 405 109
893 4 1 1 4 247 47 406 405
894 4 1 1 4 247 47 110 406
895 4 1 1 4 247 47 109 110
896 4 1 1 4 249 41 112 396
897 4 1 1 4 249 41 111 112
898 4 1 1 4 251 249 112 396
899 4 1 1 4 251 249 409 112
900 4 1 1 4 251 237 112 397
901 4 1 1 4 251 237 396 112
902 4 1 1 4 48 252 113 111
903 4 1 1 4 48 252 415 113
904 4 1 1 4 48 252 407 415
905 4 1 1 4 48 252 111 407
906 4 1 1 4 48 248 407 111
907 4 1 1 4 48 248 410 407
908 4 1 1 4 48 112 409 248
909 4 1 1 4 112 248 249 409
910 4 1 1 4 48 248 409 410
911 4 1 1 4 111 48 248 112
912 4 1 1 4 111 112 248 249
913 4 1 1 4 48 42 112 111
914 4 1 1 4 48 42 114 112
915 4 1 1 4 48 42 113 114
916 4 1 1 4 48 42 111 113
917 4 1 1 4 49 48 114 112
918 4 1 1 4 49 48 117 114
919 4 1 1 4 48 411 408 410
920 4 1 1 4 408 49 48 117
921 4 1 1 4 49 411 408 48
922 4 1 1 4 48 411 410 409
923 4 1 1 4 409 49 112 48
924 4 1 1 4 49 411 48 409
925 4 1 1 4 49 112 250 409
926 4 1 1 4 112 250 409 251
927 4 1 1 4 49 250 411 409
928 4 1 1 4 49 250 413 411
929 4 1 1 4 49 250 399 413
930 4 1 1 4 49 112 397 250
931 4 1 1 4 112 250 251 397
932 4 1 1 4 49 250 397 399
933 4 1 1 4 43 399 397 398
934 4 1 1 4 397 49 43 112
935 4 1 1 4 49 399 397 43
936 4 1 1 4 115 49 43 399
937 4 1 1 4 115 43 398 399
938 4 1 1 4 49 43 114 115
939 4 1 1 4 49 43 112 114
940 4 1 1 4 253 49 115 399
941 4 1 1 4 115 49 253 118
942 4 1 1 4 115 118 253 254
943 4 1 1 4 49 118 412 253
944 4 1 1 4 118 253 254 412
945 4 1 1 4 49 253 412 413
946 4 1 1 4 253 49 399 413
947 4 1 1 4 50 48 415 113
948 4 1 1 4 50 48 117 414
949 4 1 1 4 50 48 414 415
950 4 1 1 4 50 48 114 117
951 4 1 1 4 50 48 113 114
952 4 1 1 4 50 44 114 113
953 4 1 1 4 50 44 400 114
954 4 1 1 4 50 51 114 400
955 4 1 1 4 50 51 400 401
956 4 1 1 4 51 50 119 401
957 4 1 1 4 51 50 117 119
958 4 1 1 4 51 50 114 117
959 4 1 1 4 51 49 117 114
960 4 1 1 4 51 49 118 117
961 4 1 1 4 51 49 115 118
962 4 1 1 4 51 49 114 115
963 4 1 1 4 115 51 242 114
964 4 1 1 4 115 114 242 244
965 4 1 1 4 51 242 402 115
966 4 1 1 4 51 242 401 402
967 4 1 1 4 51 114 400 242
968 4 1 1 4 114 242 244 400
969 4 1 1 4 51 242 400 401
970 4 1 1 4 255 51 402 115
971 4 1 1 4 255 51 418 402
972 4 1 1 4 51 118 255 417
973 4 1 1 4 118 255 417 256
974 4 1 1 4 51 255 418 417
975 4 1 1 4 115 51 118 255
976 4 1 1 4 115 118 256 255
977 4 1 1 4 256 254 118 115
978 4 1 1 4 256 254 416 118
979 4 1 1 4 257 51 119 401
980 4 1 1 4 257 51 418 119
981 4 1 1 4 257 51 402 418
982 4 1 1 4 257 51 401 402
983 4 1 1 4 258 47 404 403
984 4 1 1 4 258 47 406 404
985 4 1 1 4 258 47 405 406
986 4 1 1 4 258 47 403 405
987 4 1 1 4 259 48 410 407
988 4 1 1 4 48 117 259 408
989 4 1 1 4 117 259 408 260
990 4 1 1 4 48 259 410 408
991 4 1 1 4 48 117 414 259
992 4 1 1 4 117 259 260 414
993 4 1 1 4 48 259 414 415
994 4 1 1 4 259 48 407 415
995 4 1 1 4 52 260 117 408
996 4 1 1 4 52 260 120 117
997 4 1 1 4 52 49 413 411
998 4 1 1 4 52 49 118 412
999 4 1 1 4 52 49 412 413
1000 4 1 1 4 52 49 117 118
1001 4 1 1 4 52 49 408 117
1002 4 1 1 4 52 49 411 408
1003 4 1 1 4 261 52 118 412
1004 4 1 1 4 52 121 261 118
1005 4 1 1 4 52 121 262 261
1006 4 1 1 4 262 52 420 121
1007 4 1 1 4 261 254 118 416
1008 4 1 1 4 261 254 412 118
1009 4 1 1 4 53 260 117 120
1010 4 1 1 4 53 260 414 117
1011 4 1 1 4 53 50 117 414
1012 4 1 1 4 53 50 119 117
1013 4 1 1 4 54 53 119 117
1014 4 1 1 4 54 53 122 119
1015 4 1 1 4 54 53 120 122
1016 4 1 1 4 54 53 117 120
1017 4 1 1 4 54 52 120 117
1018 4 1 1 4 54 52 121 120
1019 4 1 1 4 54 52 118 121
1020 4 1 1 4 54 52 117 118
1021 4 1 1 4 54 51 118 117
1022 4 1 1 4 54 419 417 418
1023 4 1 1 4 417 54 51 118
1024 4 1 1 4 51 418 54 417
1025 4 1 1 4 119 54 51 418
1026 4 1 1 4 119 54 418 419
1027 4 1 1 4 54 51 117 119
1028 4 1 1 4 55 54 417 118
1029 4 1 1 4 55 54 419 417
1030 4 1 1 4 55 54 123 419
1031 4 1 1 4 55 54 121 123
1032 4 1 1 4 55 54 118 121
1033 4 1 1 4 55 121 118 261
1034 4 1 1 4 55 121 261 262
1035 4 1 1 4 55 262 421 121
1036 4 1 1 4 55 261 118 416
1037 4 1 1 4 55 256 416 118
1038 4 1 1 4 55 256 118 417
1039 4 1 1 4 263 54 122 119
1040 4 1 1 4 263 54 123 122
1041 4 1 1 4 263 54 419 123
1042 4 1 1 4 263 54 119 419
1043 4 1 1 4 265 52 121 420
1044 4 1 1 4 265 52 120 121
1045 4 1 1 4 266 265 121 420
1046 4 1 1 4 266 265 124 121
1047 4 1 1 4 266 262 121 421
1048 4 1 1 4 266 262 420 121
1049 4 1 1 4 56 267 122 120
1050 4 1 1 4 56 267 425 122
1051 4 1 1 4 56 267 422 425
1052 4 1 1 4 56 267 120 422
1053 4 1 1 4 56 264 422 120
1054 4 1 1 4 56 264 124 422
1055 4 1 1 4 124 56 121 264
1056 4 1 1 4 124 121 265 264
1057 4 1 1 4 120 56 264 121
1058 4 1 1 4 120 121 264 265
1059 4 1 1 4 56 54 121 120
1060 4 1 1 4 56 54 123 121
1061 4 1 1 4 56 54 122 123
1062 4 1 1 4 56 54 120 122
1063 4 1 1 4 57 56 123 121
1064 4 1 1 4 57 56 125 123
1065 4 1 1 4 57 56 124 125
1066 4 1 1 4 57 56 121 124
1067 4 1 1 4 57 266 124 121
1068 4 1 1 4 57 266 121 421
1069 4 1 1 4 57 55 421 121
1070 4 1 1 4 57 55 121 123
1071 4 1 1 4 58 56 425 122
1072 4 1 1 4 58 56 125 424
1073 4 1 1 4 58 56 424 425
1074 4 1 1 4 58 56 123 125
1075 4 1 1 4 58 56 122 123
1076 4 1 1 4 269 58 125 429
1077 4 1 1 4 269 58 123 125
1078 4 1 1 4 269 57 125 123
1079 4 1 1 4 269 57 426 125
1080 4 1 1 4 59 56 124 422
1081 4 1 1 4 59 56 125 124
1082 4 1 1 4 59 56 424 125
1083 4 1 1 4 59 56 425 424
1084 4 1 1 4 59 56 422 425
1085 4 1 1 4 60 59 125 124
1086 4 1 1 4 60 59 126 125
1087 4 1 1 4 59 60 126 432
1088 4 1 1 4 59 60 432 433
1089 4 1 1 4 60 59 124 433
1090 4 1 1 4 60 270 433 124
1091 4 1 1 4 60 270 434 433
1092 4 1 1 4 60 270 423 434
1093 4 1 1 4 60 270 124 423
1094 4 1 1 4 60 57 423 124
1095 4 1 1 4 60 57 427 423
1096 4 1 1 4 57 60 426 125
1097 4 1 1 4 57 60 427 426
1098 4 1 1 4 60 57 124 125
1099 4 1 1 4 271 60 427 423
1100 4 1 1 4 271 60 127 427
1101 4 1 1 4 271 60 434 127
1102 4 1 1 4 271 60 423 434
1103 4 1 1 4 61 59 126 435
1104 4 1 1 4 61 59 125 126
1105 4 1 1 4 61 59 424 125
1106 4 1 1 4 61 58 125 424
1107 4 1 1 4 61 58 429 125
1108 4 1 1 4 61 62 125 429
1109 4 1 1 4 61 62 429 430
1110 4 1 1 4 62 61 128 430
1111 4 1 1 4 62 61 126 128
1112 4 1 1 4 62 61 125 126
1113 4 1 1 4 62 60 126 125
1114 4 1 1 4 62 60 127 126
1115 4 1 1 4 127 62 428 60
1116 4 1 1 4 127 60 428 427
1117 4 1 1 4 60 428 427 426
1118 4 1 1 4 426 62 125 60
1119 4 1 1 4 62 428 60 426
1120 4 1 1 4 62 125 268 426
1121 4 1 1 4 125 268 426 269
1122 4 1 1 4 62 268 428 426
1123 4 1 1 4 62 268 431 428
1124 4 1 1 4 62 268 430 431
1125 4 1 1 4 62 125 429 268
1126 4 1 1 4 125 268 269 429
1127 4 1 1 4 62 268 429 430
1128 4 1 1 4 272 62 431 428
1129 4 1 1 4 272 62 129 431
1130 4 1 1 4 272 62 127 129
1131 4 1 1 4 272 62 428 127
1132 4 1 1 4 273 62 128 430
1133 4 1 1 4 273 62 129 128
1134 4 1 1 4 273 62 431 129
1135 4 1 1 4 273 62 430 431
1136 4 1 1 4 274 59 126 432
1137 4 1 1 4 274 59 435 126
1138 4 1 1 4 63 274 126 432
1139 4 1 1 4 63 274 130 126
1140 4 1 1 4 63 60 434 433
1141 4 1 1 4 63 60 127 434
1142 4 1 1 4 63 60 126 127
1143 4 1 1 4 63 60 432 126
1144 4 1 1 4 63 60 433 432
1145 4 1 1 4 276 274 126 130
1146 4 1 1 4 276 274 435 126
1147 4 1 1 4 276 61 126 435
1148 4 1 1 4 276 61 128 126
1149 4 1 1 4 128 64 275 126
1150 4 1 1 4 128 126 275 276
1151 4 1 1 4 64 275 131 128
1152 4 1 1 4 64 275 130 131
1153 4 1 1 4 130 64 126 275
1154 4 1 1 4 130 126 276 275
1155 4 1 1 4 64 63 130 126
1156 4 1 1 4 64 63 436 130
1157 4 1 1 4 64 63 127 436
1158 4 1 1 4 64 63 126 127
1159 4 1 1 4 64 62 127 126
1160 4 1 1 4 64 62 129 127
1161 4 1 1 4 64 62 128 129
1162 4 1 1 4 64 62 126 128
1163 4 1 1 4 277 64 129 127
1164 4 1 1 4 277 64 437 129
1165 4 1 1 4 277 64 436 437
1166 4 1 1 4 277 64 127 436
1167 4 1 1 4 65 64 131 128
1168 4 1 1 4 65 64 437 131
1169 4 1 1 4 65 64 129 437
1170 4 1 1 4 65 64 128 129
1171 4 1 1 4 278 64 436 130
1172 4 1 1 4 278 64 437 436
1173 4 1 1 4 278 64 131 437
1174 4 1 1 4 278 64 130 131
$ENDELM
